3 11.1307 2.0352 9.0955
4 10.8730 1.9688 8.9043
5 7.7410 2.0469 5.6941
6 7.4127 1.9805 5.4322
7 7.2005 1.8013 5.3991
8 6.9219 1.2938 5.6281
9 6.5440 0.9481 5.5959
10 7.3155 1.1603 6.1551
11 7.4036 1.0905 6.3131
12 7.4841 1.4756 6.0084
13 7.1029 1.3944 5.7085
14 7.0871 1.4624 5.6247
15 6.7260 1.3218 5.4042
16 6.5660 1.1585 5.4076
17 6.7509 1.2496 5.5014
18 6.7088 1.3418 5.3670
19 6.4421 1.1227 5.3194
20 6.7265 1.3620 5.3645
21 6.6559 1.3300 5.3259
22 6.4653 1.2152 5.2501
23 6.2747 1.1367 5.1380
24 6.1704 1.1036 5.0668
25 6.1591 1.0550 5.1042
26 6.2187 1.1326 5.0861
27 6.2221 1.1388 5.0832
28 6.1376 1.1146 5.0231
29 6.2276 1.1750 5.0526
30 6.1325 1.1844 4.9481
31 6.3268 1.2360 5.0908
32 6.2380 1.1901 5.0479
33 6.0171 1.0866 4.9305
34 6.0583 1.0362 5.0221
35 6.1173 1.0365 5.0808
36 6.2938 0.9317 5.3621
37 6.2424 0.9849 5.2576
38 5.9978 0.9331 5.0647
39 5.9529 0.9268 5.0260
40 5.9972 1.0084 4.9888
41 5.8736 0.9436 4.9300
42 5.9479 1.0075 4.9404
43 5.7977 0.8878 4.9099
44 5.6948 0.8767 4.8180
45 5.6300 0.7921 4.8379
46 5.5488 0.7617 4.7871
47 5.5478 0.7658 4.7820
48 5.5308 0.7563 4.7745
49 5.6219 0.7656 4.8563
50 5.6425 0.7460 4.8966
51 5.6309 0.7689 4.8620
52 5.5649 0.6700 4.8949
53 5.4752 0.6365 4.8387
54 5.3965 0.6313 4.7652
55 5.4066 0.5964 4.8102
56 5.4508 0.6363 4.8145
57 5.4324 0.6436 4.7888
58 5.4083 0.6824 4.7260
59 5.5072 0.7007 4.8065
60 5.4717 0.6748 4.7969
61 5.4456 0.6740 4.7716
62 5.4829 0.6920 4.7909
63 5.4484 0.7170 4.7314
64 5.4621 0.7488 4.7133
65 5.4727 0.7329 4.7398
66 5.4048 0.6825 4.7223
67 5.4724 0.7340 4.7385
68 5.5083 0.7734 4.7349
69 5.3995 0.7054 4.6941
70 5.4132 0.6446 4.7685
71 5.4954 0.7102 4.7852
72 5.4868 0.7163 4.7705
73 5.2268 0.5087 4.7181
74 5.2770 0.5022 4.7748
75 5.2357 0.4628 4.7728
76 5.1061 0.4323 4.6739
77 5.0942 0.3757 4.7185
78 5.0505 0.3531 4.6974
79 5.0196 0.3761 4.6435
80 5.0944 0.3785 4.7160
81 5.1775 0.4210 4.7565
82 5.0531 0.3655 4.6875
83 5.1306 0.4067 4.7239
84 5.0417 0.3634 4.6783
85 5.0816 0.3500 4.7316
86 5.0679 0.4101 4.6578
87 5.1155 0.4310 4.6845
88 5.0766 0.4118 4.6648
89 4.9805 0.2786 4.7019
90 4.9788 0.2867 4.6921
91 5.0313 0.3396 4.6917
92 4.9952 0.2970 4.6982
93 4.9576 0.2693 4.6883
94 4.9778 0.2430 4.7347
95 5.0045 0.2417 4.7628
96 4.9527 0.2745 4.6783
97 4.9478 0.2762 4.6716
98 5.0048 0.3002 4.7046
99 4.9373 0.2747 4.6626
100 4.9880 0.2723 4.7157
101 4.9071 0.2238 4.6834
102 4.9406 0.2596 4.6810
103 4.9680 0.2800 4.6879
104 4.9375 0.2944 4.6431
105 4.9513 0.3051 4.6462
106 4.9543 0.2818 4.6725
107 4.8780 0.2494 4.6286
108 4.8046 0.2146 4.5900
109 4.8309 0.2396 4.5913
110 4.8818 0.2442 4.6376
111 4.8880 0.1984 4.6896
112 4.9425 0.2723 4.6702
113 4.9436 0.2985 4.6451
114 4.8744 0.2058 4.6686
115 4.8705 0.2075 4.6630
116 4.8807 0.2187 4.6620
117 4.8834 0.2080 4.6754
118 4.8732 0.2299 4.6433
119 4.8452 0.1878 4.6574
120 4.9374 0.2713 4.6661
121 4.8719 0.1998 4.6721
122 4.9076 0.2468 4.6607
123 5.0612 0.3271 4.7341
124 4.9620 0.3001 4.6619
125 4.8907 0.2840 4.6068
126 4.9365 0.2862 4.6503
127 4.9850 0.3246 4.6604
128 4.9416 0.2870 4.6546
129 4.9033 0.2484 4.6549
130 4.9545 0.2629 4.6916
131 4.8937 0.2039 4.6897
132 4.8403 0.1879 4.6524
133 4.9141 0.2150 4.6991
134 4.8664 0.2076 4.6588
135 4.7974 0.2402 4.5572
136 4.8511 0.2164 4.6347
137 4.8896 0.2911 4.5985
138 4.9115 0.2785 4.6330
139 5.0211 0.3648 4.6564
140 4.8753 0.2760 4.5993
141 4.8951 0.2912 4.6039
142 4.8407 0.2315 4.6092
143 4.8362 0.2029 4.6333
144 4.8671 0.1952 4.6719
145 4.8712 0.2368 4.6345
146 4.8810 0.2318 4.6492
147 4.8802 0.2959 4.5842
148 4.8496 0.2351 4.6144
149 4.7883 0.2468 4.5415
150 4.8385 0.2039 4.6346
151 4.9166 0.3026 4.6140
152 4.9812 0.3863 4.5949
153 4.8705 0.2318 4.6386
154 4.9693 0.3751 4.5943
155 4.8592 0.2476 4.6116
156 4.8284 0.2338 4.5946
157 4.8165 0.2488 4.5677
158 4.8905 0.2228 4.6677
159 4.8106 0.1823 4.6283
160 4.7606 0.1993 4.5613
161 4.8419 0.2556 4.5863
162 4.8184 0.2187 4.5997
163 4.7780 0.2135 4.5645
164 4.8095 0.2409 4.5685
165 4.8532 0.2327 4.6205
166 4.7666 0.1778 4.5888
167 4.8234 0.2147 4.6086
168 4.8101 0.2186 4.5916
169 4.7511 0.2030 4.5481
170 4.7833 0.1921 4.5912
171 4.7724 0.2316 4.5408
172 4.8365 0.2169 4.6195
173 4.8098 0.2392 4.5706
174 4.9018 0.2700 4.6317
175 4.8698 0.2839 4.5859
176 4.7413 0.1990 4.5423
177 4.8666 0.2183 4.6484
178 5.0292 0.2940 4.7352
179 4.7827 0.2265 4.5562
180 4.8841 0.1926 4.6915
181 4.8531 0.2083 4.6448
182 4.8006 0.1863 4.6144
183 4.7923 0.1991 4.5932
184 4.7420 0.2062 4.5358
185 4.7490 0.1934 4.5557
186 4.7948 0.2669 4.5280
187 4.8283 0.2515 4.5768
188 4.7409 0.2261 4.5148
189 4.7725 0.2486 4.5239
190 4.7991 0.2651 4.5339
191 4.7916 0.2211 4.5705
192 4.7287 0.2269 4.5018
193 4.7264 0.2000 4.5264
194 4.7754 0.2265 4.5489
195 4.7715 0.2381 4.5335
196 4.7402 0.2188 4.5215
197 4.7087 0.2076 4.5012
198 4.7586 0.2314 4.5272
199 4.7780 0.2037 4.5743
200 4.7653 0.2327 4.5326
201 4.7441 0.2133 4.5308
202 4.7556 0.2357 4.5200
203 4.6933 0.2029 4.4904
204 4.7252 0.2091 4.5161
205 4.7141 0.2175 4.4967
206 4.8115 0.3216 4.4899
207 4.7838 0.2460 4.5379
208 4.7854 0.2541 4.5313
209 4.7991 0.2925 4.5066
210 4.6744 0.1842 4.4902
211 4.7000 0.2069 4.4931
212 4.6623 0.2300 4.4322
213 4.7401 0.2402 4.4999
214 4.7603 0.2632 4.4971
215 4.8779 0.3666 4.5113
216 4.8150 0.3339 4.4811
217 4.8684 0.2832 4.5852
218 4.8144 0.2502 4.5642
219 4.8057 0.3059 4.4998
220 4.7439 0.2737 4.4703
221 4.8251 0.3036 4.5215
222 4.7580 0.3011 4.4569
223 4.8888 0.3475 4.5412
224 4.8126 0.2797 4.5329
225 4.8518 0.2779 4.5739
226 4.6711 0.2610 4.4101
227 4.7153 0.2876 4.4277
228 4.7842 0.3171 4.4671
229 4.7620 0.2993 4.4626
230 4.7108 0.2460 4.4648
231 4.6163 0.2036 4.4128
232 4.7149 0.2523 4.4626
233 4.7227 0.2836 4.4391
234 4.7249 0.2486 4.4763
235 4.7973 0.3322 4.4651
236 4.6661 0.2461 4.4200
237 4.6332 0.2094 4.4238
238 4.6717 0.2203 4.4514
239 4.6614 0.2143 4.4472
240 4.6387 0.2132 4.4255
241 4.6646 0.2191 4.4454
242 4.6347 0.2085 4.4262
243 4.7005 0.2759 4.4246
244 4.7614 0.2791 4.4823
245 4.6798 0.2051 4.4747
246 4.6548 0.2183 4.4365
247 4.6437 0.2289 4.4148
248 4.5995 0.1995 4.3999
249 4.6576 0.2657 4.3919
250 4.6828 0.2631 4.4197
251 4.6338 0.2185 4.4154
252 4.6491 0.2132 4.4360
253 4.6463 0.2515 4.3948
254 4.6274 0.2456 4.3818
255 4.6375 0.2442 4.3933
256 4.6794 0.2239 4.4555
257 4.5808 0.2318 4.3490
258 4.6079 0.1992 4.4087
259 4.6080 0.2255 4.3824
260 4.6546 0.1735 4.4810
261 4.6690 0.2320 4.4369
262 4.6730 0.2094 4.4636
263 4.6503 0.2184 4.4319
264 4.6349 0.2357 4.3993
265 4.6375 0.2453 4.3921
266 4.6271 0.2285 4.3985
267 4.6083 0.2023 4.4061
268 4.6499 0.2386 4.4113
269 4.6254 0.2439 4.3815
270 4.7213 0.2577 4.4636
271 4.5557 0.2139 4.3418
272 4.6060 0.2328 4.3732
273 4.6260 0.2318 4.3942
274 4.6000 0.2331 4.3669
275 4.5296 0.2139 4.3157
276 4.6075 0.2252 4.3823
277 4.5379 0.2159 4.3220
278 4.5830 0.2539 4.3290
279 4.5182 0.2019 4.3164
280 4.5491 0.1958 4.3533
281 4.6968 0.2586 4.4382
282 4.5760 0.2240 4.3521
283 4.6052 0.2111 4.3941
284 4.6426 0.2734 4.3692
285 4.5467 0.2330 4.3137
286 4.5011 0.1818 4.3192
287 4.5308 0.2144 4.3164
288 4.5943 0.2292 4.3651
289 4.6302 0.2521 4.3781
290 4.6507 0.2557 4.3950
291 4.5576 0.2076 4.3500
292 4.5626 0.2088 4.3538
293 4.5912 0.1806 4.4106
294 4.5719 0.2250 4.3469
295 4.7340 0.3403 4.3937
296 4.5935 0.2622 4.3313
297 4.6772 0.3002 4.3770
298 4.6064 0.2970 4.3094
299 4.5736 0.2488 4.3248
300 4.5777 0.2454 4.3323
301 4.5674 0.2501 4.3172
302 4.5448 0.2004 4.3444
303 4.5181 0.2119 4.3062
304 4.4966 0.2023 4.2943
305 4.4981 0.1949 4.3032
306 4.5306 0.2217 4.3089
307 4.5652 0.2322 4.3331
308 4.4710 0.1948 4.2762
309 4.5304 0.2249 4.3056
310 4.5601 0.2099 4.3502
311 4.5273 0.2322 4.2951
312 4.5299 0.1969 4.3330
313 4.5216 0.2124 4.3091
314 4.5198 0.1924 4.3274
315 4.4482 0.1825 4.2658
316 4.4449 0.1892 4.2557
317 4.4562 0.2079 4.2482
318 4.4081 0.1440 4.2641
319 4.4240 0.1499 4.2741
320 4.4934 0.2029 4.2905
321 4.4668 0.1931 4.2737
322 4.4445 0.1682 4.2763
323 4.4586 0.1753 4.2833
324 4.4413 0.1958 4.2455
325 4.4192 0.2141 4.2051
326 4.4419 0.1693 4.2726
327 4.4519 0.1700 4.2819
328 4.3804 0.1607 4.2197
329 4.4594 0.2084 4.2510
330 4.4841 0.2023 4.2818
331 4.4785 0.2180 4.2605
332 4.4222 0.1992 4.2229
333 4.4115 0.1747 4.2368
334 4.5045 0.2000 4.3045
335 4.4300 0.1914 4.2386
336 4.4587 0.2139 4.2448
337 4.4739 0.2244 4.2495
338 4.4711 0.2025 4.2686
339 4.4306 0.1655 4.2650
340 4.4321 0.1958 4.2363
341 4.4410 0.1805 4.2605
342 4.4504 0.1902 4.2602
343 4.4247 0.1619 4.2628
344 4.4747 0.1803 4.2944
345 4.4357 0.2138 4.2219
346 4.4386 0.1832 4.2554
347 4.4059 0.1957 4.2102
348 4.3762 0.1596 4.2166
349 4.3964 0.1739 4.2225
350 4.4369 0.1903 4.2467
351 4.4142 0.2034 4.2108
352 4.4431 0.1937 4.2494
353 4.4272 0.1777 4.2495
354 4.3815 0.1635 4.2180
355 4.3905 0.1538 4.2366
356 4.4480 0.1745 4.2735
357 4.4031 0.1900 4.2131
358 4.4398 0.1870 4.2528
359 4.4409 0.1870 4.2539
360 4.4615 0.2491 4.2124
361 4.3684 0.1667 4.2018
362 4.4855 0.2425 4.2430
363 4.3592 0.1786 4.1806
364 4.4204 0.1841 4.2363
365 4.2873 0.1797 4.1076
366 4.4054 0.2244 4.1810
367 4.4127 0.1899 4.2228
368 4.3896 0.1972 4.1924
369 4.3629 0.1823 4.1806
370 4.3348 0.1985 4.1364
371 4.3681 0.2109 4.1572
372 4.3985 0.2227 4.1758
373 4.3334 0.2076 4.1258
374 4.3980 0.2050 4.1930
375 4.3442 0.2089 4.1353
376 4.3760 0.1883 4.1876
377 4.3600 0.1650 4.1949
378 4.3358 0.2089 4.1269
379 4.3416 0.1926 4.1491
380 4.3369 0.1966 4.1403
381 4.3846 0.1926 4.1920
382 4.3524 0.1852 4.1671
383 4.3798 0.1717 4.2080
384 4.4114 0.2206 4.1908
385 4.3309 0.1784 4.1525
386 4.3238 0.1650 4.1588
387 4.3525 0.1603 4.1922
388 4.3265 0.1879 4.1386
389 4.3575 0.1913 4.1662
390 4.2847 0.1591 4.1256
391 4.2768 0.1599 4.1169
392 4.2875 0.2073 4.0802
393 4.2808 0.1607 4.1201
394 4.2311 0.1746 4.0565
395 4.2671 0.1518 4.1153
396 4.2234 0.1634 4.0599
397 4.4284 0.2287 4.1997
398 4.2823 0.1753 4.1070
399 4.2791 0.1523 4.1268
400 4.2683 0.2002 4.0680
401 4.2132 0.1386 4.0745
402 4.2932 0.1711 4.1221
403 4.2696 0.1672 4.1024
404 4.2210 0.1227 4.0983
405 4.2752 0.1755 4.0997
406 4.2724 0.1358 4.1366
407 4.3570 0.1984 4.1586
408 4.3315 0.1893 4.1421
409 4.2607 0.1583 4.1024
410 4.1825 0.1622 4.0203
411 4.2625 0.1448 4.1177
412 4.2805 0.1786 4.1019
413 4.2560 0.1653 4.0907
414 4.2108 0.1707 4.0401
415 4.3138 0.2133 4.1005
416 4.1470 0.1132 4.0339
417 4.2231 0.1289 4.0941
418 4.2659 0.1536 4.1123
419 4.1645 0.1153 4.0492
420 4.2268 0.1223 4.1045
421 4.1906 0.1053 4.0853
422 4.2320 0.1340 4.0980
423 4.2494 0.1191 4.1303
424 4.3037 0.1190 4.1847
425 4.2682 0.1392 4.1290
426 4.3013 0.1674 4.1340
427 4.2315 0.1550 4.0765
428 4.1907 0.1425 4.0481
429 4.1693 0.1263 4.0430
430 4.2512 0.1237 4.1275
431 4.2429 0.1597 4.0831
432 4.1423 0.1255 4.0168
433 4.1885 0.1152 4.0733
434 4.0555 0.0729 3.9825
435 4.2101 0.1325 4.0777
436 4.1688 0.1331 4.0357
437 4.1878 0.1022 4.0857
438 4.1228 0.1350 3.9878
439 4.2138 0.1212 4.0926
440 4.2297 0.1536 4.0760
441 4.1650 0.1227 4.0422
442 4.1435 0.1683 3.9752
443 4.1889 0.1302 4.0587
444 4.2034 0.1440 4.0594
445 4.1812 0.1572 4.0240
446 4.1712 0.1762 3.9951
447 4.1910 0.1481 4.0429
448 4.1643 0.1554 4.0088
449 4.1541 0.1394 4.0147
450 4.1594 0.1559 4.0035
451 4.1891 0.1777 4.0114
452 4.1146 0.1393 3.9754
453 4.1817 0.1299 4.0518
454 4.1381 0.1151 4.0230
455 4.1178 0.1064 4.0114
456 4.0806 0.1240 3.9566
457 4.1409 0.1413 3.9996
458 4.1382 0.1129 4.0253
459 4.1675 0.1264 4.0411
460 4.1662 0.1404 4.0258
461 4.1440 0.1449 3.9991
462 4.1586 0.1325 4.0261
463 4.1143 0.1399 3.9744
464 4.1642 0.1735 3.9907
465 4.2326 0.1589 4.0737
466 4.1580 0.1534 4.0046
467 4.1191 0.1899 3.9291
468 4.0925 0.1479 3.9447
469 4.0567 0.1335 3.9233
470 4.1198 0.1617 3.9582
471 4.0920 0.1667 3.9252
472 4.0875 0.1388 3.9487
473 4.0666 0.1548 3.9118
474 4.1500 0.1821 3.9680
475 4.1176 0.1783 3.9393
476 4.1638 0.1950 3.9689
477 4.0606 0.1559 3.9047
478 4.0524 0.1394 3.9130
479 4.1268 0.1729 3.9539
480 4.0902 0.1432 3.9471
481 4.0797 0.1816 3.8981
482 4.0255 0.1358 3.8897
483 4.0369 0.1596 3.8773
484 4.0751 0.1339 3.9412
485 3.9796 0.1600 3.8196
486 4.1212 0.1787 3.9425
487 4.0803 0.1643 3.9160
488 4.1009 0.1627 3.9383
489 4.0926 0.1656 3.9270
490 4.0532 0.1281 3.9251
491 4.0560 0.1524 3.9036
492 4.0619 0.1596 3.9023
493 4.0594 0.1554 3.9041
494 4.0534 0.1522 3.9012
495 3.9732 0.1437 3.8295
496 4.0406 0.1639 3.8767
497 4.0892 0.1942 3.8950
498 3.9968 0.1562 3.8405
499 4.0539 0.1283 3.9256
500 4.0155 0.1699 3.8456
501 4.0702 0.2052 3.8650
502 4.1340 0.1621 3.9720
503 3.9615 0.1290 3.8326
504 4.1961 0.1920 4.0041
505 3.9880 0.1291 3.8589
506 4.0175 0.1537 3.8637
507 4.0628 0.2033 3.8595
508 4.0398 0.1623 3.8775
509 3.9895 0.1836 3.8058
510 3.9610 0.1528 3.8083
511 4.0731 0.1681 3.9050
512 4.1855 0.2125 3.9730
513 4.0549 0.1658 3.8892
514 4.1478 0.1920 3.9558
515 4.0457 0.1968 3.8490
516 4.0191 0.1508 3.8683
517 4.0524 0.2106 3.8419
518 4.0334 0.1633 3.8701
519 3.9742 0.1556 3.8186
520 4.0117 0.1901 3.8216
521 4.0138 0.1937 3.8201
522 4.0549 0.1886 3.8663
523 4.0499 0.1801 3.8698
524 4.0228 0.1463 3.8766
525 3.9895 0.1821 3.8074
526 4.0292 0.1353 3.8939
527 4.0089 0.1750 3.8339
528 3.9776 0.1464 3.8312
529 4.0061 0.1800 3.8261
530 3.9748 0.1598 3.8150
531 3.9416 0.1879 3.7536
532 3.9736 0.1863 3.7874
533 3.9619 0.1944 3.7674
534 4.0300 0.1628 3.8672
535 4.0591 0.2374 3.8217
536 4.0154 0.2088 3.8066
537 4.0323 0.2081 3.8242
538 4.0265 0.2385 3.7880
539 4.0137 0.2626 3.7511
540 4.1090 0.2459 3.8631
541 3.9592 0.1753 3.7839
542 3.8872 0.1712 3.7160
543 3.9998 0.2160 3.7838
544 3.9683 0.1842 3.7841
545 3.9797 0.2356 3.7441
546 3.9130 0.1915 3.7215
547 3.9866 0.2315 3.7551
548 3.9120 0.1496 3.7624
549 3.9358 0.2058 3.7300
550 3.9753 0.1536 3.8217
551 3.9094 0.1512 3.7582
552 3.9814 0.1951 3.7863
553 3.8195 0.1483 3.6711
554 3.8853 0.1702 3.7151
555 3.8716 0.1631 3.7084
556 3.8881 0.2032 3.6848
557 3.9060 0.1504 3.7556
558 3.9088 0.1474 3.7614
559 3.8989 0.1678 3.7311
560 3.8955 0.1729 3.7226
561 3.9020 0.1966 3.7054
562 3.8572 0.1728 3.6844
563 3.9448 0.1822 3.7626
564 3.9345 0.1264 3.8081
565 4.0736 0.2211 3.8524
566 4.0375 0.2022 3.8353
567 3.9197 0.1903 3.7294
568 3.8793 0.1496 3.7297
569 3.9335 0.1804 3.7531
570 3.9218 0.2296 3.6922
571 4.0021 0.2065 3.7956
572 3.9196 0.1883 3.7313
573 3.9296 0.1875 3.7420
574 3.9568 0.2437 3.7131
575 3.9288 0.2020 3.7268
576 3.8853 0.1647 3.7206
577 3.8272 0.1813 3.6460
578 3.9706 0.2129 3.7577
579 3.9570 0.2039 3.7531
580 3.9560 0.1770 3.7790
581 4.0682 0.2188 3.8494
582 4.0512 0.2130 3.8383
583 3.9513 0.1882 3.7631
584 3.8670 0.1935 3.6735
585 3.8212 0.1874 3.6338
586 3.9637 0.2226 3.7412
587 3.9101 0.1835 3.7266
588 4.0460 0.2287 3.8173
589 3.9263 0.1727 3.7537
590 3.7436 0.1554 3.5882
591 3.8853 0.2036 3.6817
592 3.8969 0.1542 3.7427
593 3.8338 0.1691 3.6647
594 3.8421 0.1804 3.6618
595 3.9227 0.1651 3.7576
596 3.9286 0.1696 3.7590
597 3.8211 0.1872 3.6339
598 3.8554 0.1472 3.7082
599 3.7197 0.1413 3.5783
600 3.8744 0.2048 3.6696
601 3.8608 0.2157 3.6452
602 3.7772 0.1686 3.6086
603 3.8280 0.1793 3.6487
604 3.8275 0.2014 3.6261
605 3.8274 0.1572 3.6702
606 3.8584 0.2187 3.6397
607 3.8480 0.2017 3.6463
608 3.7690 0.1660 3.6030
609 3.8401 0.2327 3.6075
610 3.8262 0.1676 3.6586
611 3.8696 0.2125 3.6571
612 3.8356 0.2134 3.6222
613 3.6204 0.1094 3.5109
614 3.7852 0.2090 3.5762
615 3.8938 0.1803 3.7135
616 3.7545 0.1210 3.6335
617 3.8136 0.1590 3.6546
618 3.8077 0.1633 3.6445
619 3.7184 0.1776 3.5408
620 3.7358 0.1523 3.5835
621 3.7391 0.1809 3.5582
622 3.7822 0.1687 3.6134
623 3.7614 0.1491 3.6122
624 3.7094 0.1682 3.5412
625 3.7200 0.1512 3.5688
626 3.7667 0.1344 3.6323
627 3.7640 0.1881 3.5760
628 3.7534 0.1665 3.5869
629 3.7155 0.1539 3.5615
630 3.7470 0.1291 3.6180
631 3.7571 0.1593 3.5978
632 3.6280 0.1698 3.4582
633 3.7251 0.1452 3.5798
634 3.7150 0.1576 3.5574
635 3.8198 0.1806 3.6392
636 3.8087 0.1673 3.6414
637 3.7415 0.1783 3.5632
638 3.8322 0.1857 3.6465
639 3.7737 0.1774 3.5963
640 3.6751 0.1364 3.5388
641 3.8255 0.1722 3.6533
642 3.7423 0.1926 3.5497
643 3.6871 0.1230 3.5640
644 3.7053 0.1641 3.5412
645 3.8046 0.1997 3.6049
646 3.7381 0.1649 3.5731
647 3.7429 0.1614 3.5815
648 3.8151 0.2115 3.6037
649 3.7572 0.1682 3.5890
650 3.8529 0.1976 3.6553
651 3.7327 0.1447 3.5879
652 3.6881 0.1576 3.5305
653 3.6798 0.1344 3.5455
654 3.8622 0.1593 3.7028
655 3.7305 0.1849 3.5456
656 3.6826 0.1500 3.5327
657 3.7404 0.1695 3.5709
658 3.6711 0.1265 3.5447
659 3.6555 0.1327 3.5228
660 3.6887 0.1814 3.5073
661 3.6792 0.1691 3.5100
662 3.6386 0.1383 3.5003
663 3.7499 0.1811 3.5688
664 3.7655 0.2047 3.5608
665 3.6703 0.1665 3.5038
666 3.6679 0.1825 3.4854
667 3.6838 0.1680 3.5158
668 3.5908 0.1134 3.4774
669 3.6897 0.1837 3.5060
670 3.6796 0.1763 3.5033
671 3.6521 0.1841 3.4680
672 3.6347 0.1903 3.4444
673 3.7375 0.1783 3.5592
674 3.6071 0.1866 3.4205
675 3.6586 0.1772 3.4814
676 3.6138 0.1625 3.4513
677 3.6379 0.1757 3.4623
678 3.5927 0.1613 3.4313
679 3.6751 0.1377 3.5375
680 3.7344 0.1677 3.5667
681 3.6481 0.1518 3.4964
682 3.6081 0.1053 3.5028
683 3.7079 0.1610 3.5469
684 3.6081 0.1243 3.4838
685 3.6683 0.1708 3.4975
686 3.6618 0.1303 3.5316
687 3.6171 0.1516 3.4656
688 3.6778 0.1808 3.4970
689 3.6448 0.1801 3.4648
690 3.7133 0.1632 3.5501
691 3.6810 0.1761 3.5049
692 3.7272 0.1665 3.5607
693 3.6797 0.1434 3.5363
694 3.6191 0.1881 3.4309
695 3.7006 0.2062 3.4944
696 3.6545 0.1534 3.5011
697 3.6278 0.1318 3.4959
698 3.5738 0.1439 3.4299
699 3.7088 0.1703 3.5386
700 3.6438 0.1594 3.4844
701 3.7160 0.1552 3.5608
702 3.6306 0.1607 3.4699
703 3.6380 0.1122 3.5258
704 3.6494 0.1081 3.5413
705 3.5581 0.1510 3.4071
706 3.5921 0.1391 3.4530
707 3.6332 0.1456 3.4875
708 3.5417 0.1352 3.4065
709 3.6380 0.1755 3.4625
710 3.6144 0.1462 3.4681
711 3.6412 0.1782 3.4630
712 3.6208 0.1738 3.4470
713 3.5949 0.1578 3.4370
714 3.6451 0.1753 3.4697
715 3.5848 0.1297 3.4551
716 3.5118 0.0959 3.4159
717 3.5709 0.1430 3.4278
718 3.5978 0.1336 3.4642
719 3.6465 0.1709 3.4757
720 3.5877 0.1718 3.4160
721 3.6848 0.1610 3.5238
722 3.5217 0.1262 3.3955
723 3.6307 0.1654 3.4653
724 3.5518 0.1543 3.3975
725 3.6182 0.1746 3.4435
726 3.6262 0.1683 3.4579
727 3.5128 0.1036 3.4092
728 3.5940 0.1542 3.4398
729 3.6580 0.1758 3.4822
730 3.6608 0.1615 3.4993
731 3.5911 0.1936 3.3975
732 3.5049 0.1202 3.3847
733 3.6641 0.1753 3.4887
734 3.5453 0.1086 3.4366
735 3.5595 0.1562 3.4034
736 3.5003 0.1201 3.3802
737 3.4648 0.1168 3.3480
738 3.5239 0.1455 3.3784
739 3.5315 0.1513 3.3801
740 3.5549 0.1351 3.4198
741 3.6350 0.1678 3.4672
742 3.6225 0.1985 3.4240
743 3.6478 0.1906 3.4572
744 3.5440 0.1431 3.4009
745 3.6062 0.1665 3.4397
746 3.6337 0.1464 3.4874
747 3.5888 0.1478 3.4410
748 3.6132 0.1660 3.4473
749 3.6001 0.1775 3.4226
750 3.6364 0.1761 3.4603
751 3.5929 0.1349 3.4580
752 3.7036 0.1529 3.5507
753 3.6526 0.1778 3.4749
754 3.5756 0.1580 3.4176
755 3.6169 0.1610 3.4559
756 3.5578 0.1611 3.3967
757 3.4983 0.1471 3.3512
758 3.6490 0.1651 3.4839
759 3.4832 0.1304 3.3528
760 3.6509 0.1398 3.5111
761 3.5456 0.1449 3.4006
762 3.5842 0.1597 3.4245
763 3.5451 0.1538 3.3913
764 3.6675 0.1971 3.4704
765 3.5811 0.1492 3.4319
766 3.5633 0.1955 3.3678
767 3.6651 0.1848 3.4803
768 3.6285 0.1973 3.4312
769 3.5454 0.1464 3.3990
770 3.5504 0.1607 3.3897
771 3.5845 0.1804 3.4041
772 3.5796 0.1386 3.4410
773 3.6110 0.1695 3.4416
774 3.6001 0.1395 3.4606
775 3.5690 0.1410 3.4280
776 3.5213 0.1579 3.3635
777 3.4955 0.1409 3.3546
778 3.6667 0.1657 3.5010
779 3.4799 0.1224 3.3575
780 3.5981 0.1470 3.4512
781 3.5409 0.1610 3.3799
782 3.5802 0.1787 3.4015
783 3.5490 0.1434 3.4057
784 3.5200 0.1429 3.3771
785 3.5239 0.1730 3.3509
786 3.5796 0.1960 3.3836
787 3.6603 0.1932 3.4671
788 3.5512 0.2181 3.3330
789 3.5649 0.1808 3.3842
790 3.6387 0.2368 3.4018
791 3.5359 0.2353 3.3006
792 3.5248 0.1435 3.3813
793 3.6221 0.2003 3.4219
794 3.5312 0.1874 3.3438
795 3.5836 0.1849 3.3987
796 3.4892 0.1636 3.3256
797 3.5415 0.1878 3.3536
798 3.5988 0.1828 3.4160
799 3.6098 0.2005 3.4093
800 3.5093 0.1682 3.3411
801 3.4315 0.1657 3.2658
802 3.5395 0.2281 3.3115
803 3.6621 0.2396 3.4225
804 3.6016 0.1739 3.4278
805 3.5012 0.1530 3.3482
806 3.4975 0.1529 3.3446
807 3.5012 0.1974 3.3037
808 3.5188 0.1528 3.3659
809 3.5227 0.1421 3.3806
810 3.5337 0.1757 3.3580
811 3.6154 0.1615 3.4539
812 3.6063 0.2097 3.3967
813 3.5710 0.1245 3.4465
814 3.6626 0.2228 3.4398
815 3.5727 0.1998 3.3729
816 3.5312 0.1636 3.3675
817 3.5802 0.1701 3.4101
818 3.5802 0.1862 3.3940
819 3.5474 0.2173 3.3301
820 3.5651 0.1645 3.4006
821 3.4517 0.1640 3.2877
822 3.4273 0.1550 3.2723
823 3.6367 0.2032 3.4335
824 3.5173 0.1758 3.3415
825 3.6143 0.1749 3.4394
826 3.5804 0.2142 3.3661
827 3.4306 0.1834 3.2472
828 3.5676 0.2005 3.3671
829 3.5437 0.2122 3.3315
830 3.5194 0.1579 3.3615
831 3.6141 0.2134 3.4007
832 3.6084 0.1594 3.4490
833 3.5247 0.1482 3.3766
834 3.6156 0.1889 3.4266
835 3.5152 0.1676 3.3476
836 3.5746 0.2198 3.3547
837 3.5623 0.2249 3.3374
838 3.5614 0.1742 3.3872
839 3.5581 0.1813 3.3768
840 3.5842 0.2164 3.3678
841 3.6221 0.1935 3.4286
842 3.5342 0.1892 3.3450
843 3.5324 0.2404 3.2921
844 3.6219 0.1746 3.4473
845 3.6047 0.2064 3.3983
846 3.5654 0.2026 3.3628
847 3.5312 0.1994 3.3318
848 3.5076 0.1993 3.3083
849 3.5958 0.2092 3.3866
850 3.4391 0.1483 3.2908
851 3.4657 0.1346 3.3311
852 3.5249 0.1803 3.3446
853 3.4992 0.1643 3.3350
854 3.6021 0.2027 3.3994
855 3.5172 0.1640 3.3533
856 3.4446 0.1593 3.2853
857 3.5445 0.1586 3.3858
858 3.4975 0.1803 3.3172
859 3.4889 0.1694 3.3195
860 3.5041 0.1821 3.3221
861 3.4729 0.1690 3.3039
862 3.4833 0.1906 3.2927
863 3.4884 0.1532 3.3352
864 3.5755 0.2014 3.3741
865 3.6055 0.1837 3.4218
866 3.4773 0.1666 3.3107
867 3.5713 0.1785 3.3928
868 3.5357 0.1447 3.3910
869 3.4986 0.1988 3.2998
870 3.4353 0.1409 3.2943
871 3.5486 0.1782 3.3704
872 3.5565 0.1870 3.3695
873 3.4309 0.1542 3.2766
874 3.5069 0.1822 3.3247
875 3.4971 0.1442 3.3529
876 3.5805 0.1801 3.4003
877 3.4960 0.1595 3.3364
878 3.5723 0.1934 3.3788
879 3.4965 0.1673 3.3292
880 3.4496 0.1612 3.2883
881 3.5495 0.1981 3.3514
882 3.5456 0.1867 3.3589
883 3.5112 0.2165 3.2946
884 3.5066 0.1633 3.3433
885 3.6124 0.2328 3.3796
886 3.4877 0.1721 3.3157
887 3.4983 0.1814 3.3169
888 3.5465 0.1840 3.3625
889 3.6018 0.2428 3.3589
890 3.4297 0.2084 3.2213
891 3.4838 0.1999 3.2839
892 3.5297 0.1695 3.3603
893 3.6018 0.2035 3.3983
894 3.4876 0.1661 3.3215
895 3.5112 0.2132 3.2980
896 3.4855 0.1893 3.2963
897 3.4285 0.1847 3.2438
898 3.4975 0.1933 3.3042
899 3.4292 0.1927 3.2365
900 3.5790 0.1455 3.4336
901 3.5049 0.1488 3.3561
902 3.4724 0.1662 3.3062
903 3.4872 0.2520 3.2352
904 3.5012 0.1849 3.3164
905 3.4648 0.1660 3.2989
906 3.5318 0.1746 3.3572
907 3.4412 0.2058 3.2354
908 3.4844 0.1990 3.2855
909 3.4794 0.1982 3.2812
910 3.5109 0.1836 3.3273
911 3.4708 0.1719 3.2989
912 3.5320 0.1840 3.3480
913 3.4885 0.2125 3.2760
914 3.5168 0.1800 3.3368
915 3.4213 0.1903 3.2310
916 3.4132 0.1445 3.2687
917 3.4308 0.1781 3.2527
918 3.5054 0.1962 3.3092
919 3.5102 0.1800 3.3302
920 3.6175 0.2186 3.3989
921 3.5030 0.1657 3.3374
922 3.5562 0.2015 3.3547
923 3.5413 0.2067 3.3347
924 3.5120 0.1857 3.3263
925 3.5063 0.1978 3.3086
926 3.4507 0.1884 3.2623
927 3.4420 0.1739 3.2681
928 3.4366 0.2089 3.2277
929 3.5330 0.2030 3.3300
930 3.4658 0.1823 3.2835
931 3.4226 0.1855 3.2372
932 3.5250 0.2158 3.3092
933 3.4395 0.1766 3.2629
934 3.4576 0.1697 3.2879
935 3.4776 0.1902 3.2874
936 3.4922 0.1844 3.3078
937 3.4144 0.1799 3.2344
938 3.4400 0.1638 3.2762
939 3.5417 0.2211 3.3206
940 3.5109 0.1851 3.3257
941 3.5143 0.2172 3.2971
942 3.4596 0.2266 3.2331
943 3.5750 0.2136 3.3613
944 3.5562 0.2483 3.3079
945 3.5011 0.2308 3.2703
946 3.4836 0.2167 3.2669
947 3.4690 0.2001 3.2689
948 3.4781 0.1570 3.3210
949 3.5433 0.2045 3.3387
950 3.4751 0.2069 3.2682
951 3.4381 0.1764 3.2616
952 3.5207 0.2136 3.3070
953 3.4045 0.1868 3.2177
954 3.4584 0.2166 3.2418
955 3.3837 0.1219 3.2618
956 3.4796 0.1803 3.2994
957 3.4653 0.2143 3.2510
958 3.5400 0.2023 3.3377
959 3.5826 0.2145 3.3681
960 3.5574 0.2776 3.2798
961 3.4124 0.2071 3.2053
962 3.4646 0.2190 3.2456
963 3.5769 0.2321 3.3448
964 3.5160 0.2124 3.3036
965 3.5375 0.2415 3.2960
966 3.4681 0.1815 3.2866
967 3.4440 0.1831 3.2609
968 3.5400 0.2199 3.3201
969 3.4894 0.1976 3.2918
970 3.4328 0.1613 3.2714
971 3.4900 0.2070 3.2830
972 3.4878 0.2078 3.2800
973 3.4733 0.1753 3.2980
974 3.4871 0.1802 3.3069
975 3.5418 0.2084 3.3334
976 3.3675 0.2001 3.1674
977 3.4472 0.2288 3.2184
978 3.3935 0.1899 3.2036
979 3.4639 0.2073 3.2566
980 3.5198 0.2150 3.3048
981 3.4612 0.1743 3.2870
982 3.4671 0.1811 3.2860
983 3.4726 0.1870 3.2856
984 3.4749 0.2045 3.2704
985 3.4815 0.1949 3.2866
986 3.4881 0.2034 3.2847
987 3.3403 0.1798 3.1604
988 3.4736 0.2035 3.2700
989 3.4623 0.1976 3.2647
990 3.3909 0.1918 3.1992
991 3.3876 0.1937 3.1939
992 3.5025 0.1934 3.3091
993 3.4331 0.1905 3.2427
994 3.6070 0.2566 3.3504
995 3.4292 0.2183 3.2110
996 3.5110 0.2125 3.2985
997 3.5364 0.2190 3.3173
998 3.4995 0.2201 3.2794
999 3.3767 0.1578 3.2188
1000 3.4324 0.1856 3.2468
1001 3.4367 0.2072 3.2295
1002 3.4095 0.2004 3.2091
1003 3.4577 0.1960 3.2617
1004 3.3948 0.1889 3.2059
1005 3.3302 0.1872 3.1430
1006 3.4061 0.1638 3.2424
1007 3.3297 0.1313 3.1985
1008 3.4420 0.2037 3.2383
1009 3.4764 0.1992 3.2772
1010 3.4793 0.2244 3.2549
1011 3.3875 0.1907 3.1968
1012 3.4422 0.1832 3.2589
1013 3.4326 0.1650 3.2677
1014 3.5439 0.1903 3.3536
1015 3.5307 0.2476 3.2831
1016 3.4077 0.1917 3.2161
1017 3.4604 0.2239 3.2365
1018 3.4571 0.1614 3.2957
1019 3.3740 0.1606 3.2134
1020 3.3714 0.1629 3.2085
1021 3.4068 0.1875 3.2192
1022 3.4059 0.1481 3.2577
1023 3.4614 0.1928 3.2686
1024 3.3901 0.2041 3.1859
1025 3.4027 0.1464 3.2563
1026 3.4067 0.2094 3.1973
1027 3.5107 0.1750 3.3357
1028 3.3874 0.2238 3.1636
1029 3.5052 0.1899 3.3153
1030 3.3524 0.1503 3.2021
1031 3.4113 0.1607 3.2506
1032 3.5184 0.1963 3.3221
1033 3.4466 0.2151 3.2315
1034 3.4362 0.1685 3.2677
1035 3.4743 0.1974 3.2769
1036 3.3902 0.1670 3.2232
1037 3.3925 0.1620 3.2305
1038 3.4210 0.1800 3.2410
1039 3.3794 0.1691 3.2103
1040 3.4588 0.2411 3.2177
1041 3.4965 0.1980 3.2985
1042 3.3445 0.2032 3.1413
1043 3.3962 0.2133 3.1829
1044 3.5124 0.2121 3.3004
1045 3.4698 0.1365 3.3333
1046 3.5202 0.2545 3.2657
1047 3.5320 0.1683 3.3637
1048 3.4844 0.1857 3.2987
1049 3.5446 0.2239 3.3206
1050 3.5790 0.1851 3.3939
1051 3.4433 0.1547 3.2886
1052 3.2446 0.1510 3.0936
1053 3.5710 0.2025 3.3685
1054 3.5844 0.1928 3.3916
1055 3.4544 0.2001 3.2543
1056 3.3964 0.2055 3.1909
1057 3.5174 0.2003 3.3171
1058 3.4393 0.1930 3.2463
1059 3.4289 0.2126 3.2163
1060 3.4068 0.1760 3.2308
1061 3.3797 0.1615 3.2182
1062 3.5011 0.1754 3.3257
1063 3.3519 0.2018 3.1502
1064 3.4139 0.1773 3.2366
1065 3.4666 0.1809 3.2857
1066 3.4426 0.2033 3.2393
1067 3.3462 0.1575 3.1887
1068 3.4431 0.1613 3.2818
1069 3.4358 0.1749 3.2608
1070 3.3690 0.1410 3.2280
1071 3.4339 0.2204 3.2135
1072 3.4453 0.1855 3.2598
1073 3.4286 0.1860 3.2426
1074 3.3704 0.1642 3.2062
1075 3.3229 0.1858 3.1371
1076 3.4243 0.2179 3.2064
1077 3.2962 0.1653 3.1308
1078 3.3851 0.1669 3.2182
1079 3.4992 0.1683 3.3309
1080 3.2771 0.1342 3.1429
1081 3.3872 0.1832 3.2040
1082 3.3227 0.1654 3.1574
1083 3.3377 0.1457 3.1920
1084 3.5019 0.2188 3.2831
1085 3.4132 0.1635 3.2498
1086 3.3295 0.1868 3.1427
1087 3.3728 0.1366 3.2361
1088 3.5190 0.1962 3.3227
1089 3.4296 0.1735 3.2560
1090 3.4390 0.1931 3.2459
1091 3.3146 0.1891 3.1255
1092 3.3230 0.1973 3.1257
1093 3.4179 0.2018 3.2161
1094 3.3534 0.1783 3.1751
1095 3.5219 0.2276 3.2943
1096 3.3844 0.2082 3.1763
1097 3.3870 0.1971 3.1899
1098 3.4493 0.2576 3.1917
1099 3.4278 0.1906 3.2372
1100 3.3714 0.2162 3.1552
1101 3.4303 0.2072 3.2231
1102 3.3245 0.1702 3.1542
1103 3.3888 0.2111 3.1777
1104 3.4171 0.1602 3.2569
1105 3.3614 0.1571 3.2043
1106 3.3159 0.1983 3.1176
1107 3.3601 0.1620 3.1981
1108 3.4129 0.1644 3.2485
1109 3.4301 0.1776 3.2525
1110 3.3485 0.2048 3.1437
1111 3.2253 0.1766 3.0487
1112 3.3886 0.1945 3.1940
1113 3.3983 0.2039 3.1944
1114 3.3775 0.1818 3.1957
1115 3.4614 0.2141 3.2472
1116 3.3981 0.1778 3.2203
1117 3.3380 0.1816 3.1563
1118 3.2799 0.1822 3.0977
1119 3.4679 0.1863 3.2816
1120 3.4817 0.1942 3.2875
1121 3.5022 0.1856 3.3165
1122 3.3900 0.2135 3.1765
1123 3.4023 0.1925 3.2099
1124 3.4272 0.2225 3.2048
1125 3.4713 0.1979 3.2734
1126 3.3419 0.1857 3.1562
1127 3.3536 0.1751 3.1784
1128 3.3321 0.1876 3.1445
1129 3.3534 0.1944 3.1590
1130 3.3698 0.1817 3.1881
1131 3.3705 0.1698 3.2007
1132 3.3356 0.1430 3.1926
1133 3.3271 0.1490 3.1781
1134 3.3500 0.1466 3.2034
1135 3.3516 0.1626 3.1890
1136 3.3737 0.2248 3.1489
1137 3.2855 0.1792 3.1063
1138 3.4707 0.1729 3.2978
1139 3.3818 0.1586 3.2232
1140 3.3629 0.1693 3.1936
1141 3.4550 0.1676 3.2874
1142 3.2594 0.1369 3.1225
1143 3.4175 0.1831 3.2344
1144 3.2691 0.1183 3.1508
1145 3.3533 0.1944 3.1589
1146 3.3685 0.1795 3.1890
1147 3.4586 0.1950 3.2635
1148 3.3267 0.1795 3.1472
1149 3.3127 0.1776 3.1351
1150 3.4533 0.1891 3.2642
1151 3.3299 0.1485 3.1815
1152 3.3965 0.1560 3.2405
1153 3.3990 0.1922 3.2068
1154 3.4497 0.1986 3.2511
1155 3.3330 0.1842 3.1488
1156 3.3751 0.1790 3.1961
1157 3.3153 0.1536 3.1617
1158 3.3866 0.2021 3.1845
1159 3.3765 0.1508 3.2257
1160 3.4332 0.1779 3.2553
1161 3.4710 0.1873 3.2837
1162 3.2871 0.1511 3.1360
1163 3.3602 0.1870 3.1732
1164 3.4184 0.2158 3.2026
1165 3.3257 0.2014 3.1242
1166 3.4022 0.1886 3.2137
1167 3.3738 0.1624 3.2114
1168 3.3452 0.1608 3.1843
1169 3.3449 0.1636 3.1813
1170 3.2313 0.1268 3.1045
1171 3.2950 0.1378 3.1572
1172 3.3080 0.1634 3.1446
1173 3.2937 0.1236 3.1701
1174 3.3475 0.1778 3.1697
1175 3.3873 0.1768 3.2105
1176 3.3290 0.1647 3.1643
1177 3.3228 0.1332 3.1896
1178 3.3606 0.1646 3.1961
1179 3.4277 0.1693 3.2584
1180 3.2237 0.1594 3.0642
