4 6.4226 1.0067 5.4159
5 6.4116 0.9960 5.4155
6 7.4132 1.9980 5.4151
7 7.4202 2.0059 5.4143
8 6.6403 1.2275 5.4128
9 6.3272 0.9173 5.4099
10 6.5127 1.1079 5.4048
11 6.4127 1.0176 5.3951
12 6.4093 1.0224 5.3869
13 6.4631 1.0789 5.3843
14 6.6266 1.2438 5.3828
15 6.7399 1.3592 5.3807
16 6.8438 1.4685 5.3753
17 7.0422 1.6817 5.3605
18 6.9105 1.5619 5.3486
19 6.9473 1.6071 5.3402
20 6.9571 1.6327 5.3244
21 7.0652 1.7362 5.3290
22 7.0074 1.6923 5.3151
23 7.0120 1.7091 5.3028
24 7.0360 1.7470 5.2891
25 7.0296 1.7337 5.2959
26 7.0286 1.7381 5.2905
27 7.0396 1.7628 5.2768
28 7.1022 1.8356 5.2666
29 7.1359 1.8629 5.2730
30 7.1147 1.8540 5.2607
31 7.1309 1.8685 5.2624
32 7.0479 1.7963 5.2517
33 6.9912 1.7468 5.2444
34 7.0490 1.7895 5.2595
35 7.0741 1.8205 5.2535
36 7.0022 1.7734 5.2289
37 6.9960 1.7563 5.2397
38 7.0855 1.8452 5.2404
39 7.0244 1.7908 5.2335
40 7.0244 1.8041 5.2203
41 7.0927 1.8576 5.2351
42 7.0746 1.8466 5.2281
43 7.0845 1.8578 5.2267
44 7.1060 1.8808 5.2252
45 7.0543 1.8328 5.2215
46 7.1169 1.8925 5.2244
47 7.1761 1.9573 5.2188
48 7.1434 1.9133 5.2302
49 7.0844 1.8785 5.2059
50 7.2489 2.0166 5.2323
51 7.1046 1.8963 5.2082
52 7.1536 1.9317 5.2219
53 7.1715 1.9495 5.2220
54 7.1255 1.9109 5.2146
55 7.1318 1.9207 5.2111
56 7.1183 1.9049 5.2134
57 7.1066 1.9026 5.2040
58 7.1244 1.9113 5.2131
59 7.1203 1.9065 5.2138
60 7.0556 1.8577 5.1979
61 7.0397 1.8472 5.1926
62 7.0742 1.8789 5.1952
63 7.1294 1.9048 5.2246
64 7.0385 1.8456 5.1929
65 7.1358 1.9174 5.2183
66 7.0481 1.8513 5.1968
67 7.0967 1.8957 5.2010
68 7.0812 1.8898 5.1914
69 7.0479 1.8443 5.2036
70 7.0896 1.8845 5.2050
71 7.1351 1.9276 5.2074
72 7.1617 1.9460 5.2157
73 7.1377 1.9280 5.2097
74 7.0654 1.8612 5.2042
75 7.0932 1.8949 5.1982
76 7.1137 1.9119 5.2019
77 7.0603 1.8601 5.2001
78 7.0558 1.8502 5.2056
79 7.1191 1.9143 5.2047
80 7.0798 1.8865 5.1932
81 7.0396 1.8453 5.1943
82 7.0699 1.8609 5.2090
83 6.9687 1.7859 5.1827
84 7.0390 1.8445 5.1945
85 7.0632 1.8743 5.1889
86 7.0201 1.8292 5.1909
87 7.0352 1.8515 5.1838
88 6.9953 1.8133 5.1820
89 6.9954 1.8022 5.1932
90 7.0598 1.8707 5.1891
91 7.0110 1.8187 5.1923
92 7.0630 1.8786 5.1844
93 7.0058 1.8249 5.1809
94 7.0753 1.8835 5.1918
95 7.0482 1.8537 5.1945
96 7.0544 1.8650 5.1894
97 7.1011 1.9333 5.1679
98 6.9789 1.8817 5.0973
99 6.9273 1.8549 5.0724
100 7.0064 1.9336 5.0728
101 6.9190 1.8765 5.0425
102 6.8450 1.8328 5.0122
103 6.9132 1.9026 5.0105
104 6.9224 1.9134 5.0090
105 6.9157 1.9198 4.9959
106 6.8244 1.8379 4.9865
107 6.8336 1.8615 4.9721
108 6.8400 1.8693 4.9707
109 6.8769 1.9096 4.9673
110 6.9301 1.9029 5.0272
111 6.8987 1.8599 5.0388
112 6.9598 1.8721 5.0877
113 7.0832 1.8795 5.2037
114 7.2269 1.8991 5.3278
115 7.2313 1.8627 5.3686
116 7.2652 1.9176 5.3477
117 7.1993 1.9034 5.2960
118 7.2718 1.8742 5.3976
119 7.0252 1.8549 5.1703
120 7.0834 1.8840 5.1994
121 7.0107 1.8885 5.1222
122 7.0637 1.8853 5.1784
123 7.0454 1.8853 5.1601
124 7.1075 1.8828 5.2248
125 7.2308 1.9131 5.3177
126 7.1162 1.8747 5.2415
127 7.0520 1.9050 5.1469
128 7.1482 1.8703 5.2779
129 7.1691 1.8856 5.2835
130 6.9688 1.8252 5.1436
131 6.8555 1.8746 4.9809
132 6.8197 1.8200 4.9997
133 6.7605 1.8549 4.9056
134 6.7056 1.8290 4.8766
135 6.7731 1.8915 4.8816
136 6.6915 1.8018 4.8897
137 6.7640 1.8927 4.8712
138 6.8278 1.9739 4.8539
139 6.7165 1.9130 4.8036
140 6.5933 1.7425 4.8508
141 6.8158 1.9485 4.8673
142 6.7828 1.9182 4.8647
143 6.6225 1.8436 4.7790
144 6.7060 1.8535 4.8524
145 6.7072 1.8896 4.8177
146 6.8207 1.8707 4.9499
147 6.7258 1.8281 4.8977
148 6.7067 1.9139 4.7927
149 6.6753 1.8935 4.7818
150 6.6567 1.8573 4.7994
151 6.6137 1.8492 4.7645
152 6.6446 1.8592 4.7854
153 6.5907 1.8288 4.7619
154 6.5978 1.8318 4.7660
155 6.6624 1.8537 4.8087
156 6.7127 1.9194 4.7933
157 6.7295 1.9301 4.7994
158 6.6919 1.9221 4.7699
159 6.5900 1.8511 4.7389
160 6.5953 1.8608 4.7344
161 6.6183 1.9059 4.7124
162 6.5359 1.8377 4.6982
163 6.2484 1.5067 4.7417
164 5.9472 0.9999 4.9473
165 7.2156 1.0004 6.2153
166 6.5673 1.0062 5.5611
167 6.9761 2.0047 4.9714
168 6.8747 1.9748 4.8998
169 6.7901 1.9407 4.8495
170 6.8386 2.0474 4.7912
171 6.7782 1.9550 4.8232
172 6.8306 1.9870 4.8437
173 6.8194 1.9511 4.8684
174 6.8622 1.9708 4.8914
175 6.8451 1.9474 4.8976
176 6.7165 1.8405 4.8760
177 6.7118 1.8232 4.8886
178 6.6396 1.7047 4.9349
179 6.5244 1.6629 4.8615
180 6.5406 1.6579 4.8827
181 6.3739 1.5192 4.8546
182 6.0941 1.3679 4.7262
183 5.9736 1.2239 4.7497
184 6.0436 1.3120 4.7316
185 5.9458 1.2323 4.7134
186 5.7938 1.0562 4.7376
187 5.7486 1.0576 4.6910
188 5.6935 1.0004 4.6931
189 5.6705 1.0215 4.6490
190 5.6366 1.0025 4.6341
191 5.6312 1.0000 4.6312
192 5.6139 1.0006 4.6132
193 5.5723 1.0001 4.5722
194 5.5639 0.9995 4.5643
195 5.5606 0.9998 4.5607
196 5.5658 1.0006 4.5652
197 5.5489 0.9998 4.5490
198 5.5422 0.9998 4.5424
199 5.5454 1.0003 4.5452
200 5.5121 1.0003 4.5118
201 5.5126 0.9998 4.5128
202 5.5218 0.9999 4.5218
203 5.4940 1.0005 4.4934
204 5.4837 0.9983 4.4854
205 5.5391 0.9996 4.5395
206 5.5247 0.9993 4.5253
207 5.5014 0.9992 4.5023
208 5.5707 0.9991 4.5716
209 5.4736 1.0002 4.4735
210 5.4989 0.9991 4.4998
211 5.4777 0.9998 4.4779
212 5.4987 1.0001 4.4986
213 5.5028 1.0011 4.5017
214 5.5130 1.0005 4.5124
215 5.5445 1.0001 4.5443
216 5.4997 0.9994 4.5002
217 5.5279 0.9990 4.5290
218 5.4935 0.9994 4.4940
219 5.4789 1.0002 4.4788
220 5.5041 0.9997 4.5043
221 5.9276 1.3879 4.5397
222 5.9731 1.4451 4.5280
223 5.9364 1.4216 4.5148
224 5.8868 1.3646 4.5222
225 5.7812 1.2643 4.5169
226 5.6518 1.1543 4.4975
227 5.5474 1.0908 4.4566
228 5.5470 1.0630 4.4840
229 5.4868 1.0462 4.4406
230 5.4890 0.9998 4.4891
231 5.4793 0.9988 4.4805
232 5.4778 0.9990 4.4789
233 5.5104 0.9999 4.5105
234 5.4754 1.0016 4.4738
235 5.4666 1.0001 4.4665
236 5.4886 1.0004 4.4882
237 5.4642 1.0004 4.4638
238 5.4429 0.9983 4.4446
239 5.4786 0.9998 4.4788
240 5.4433 1.0005 4.4428
241 5.4492 0.9993 4.4499
242 5.4534 0.9995 4.4540
243 5.4660 1.0008 4.4652
244 5.4367 1.0000 4.4367
245 5.4454 1.0007 4.4447
246 5.4897 0.9999 4.4898
247 5.4556 1.0003 4.4553
248 5.4425 1.0002 4.4423
249 5.4469 0.9984 4.4485
250 5.4433 1.0005 4.4428
251 5.4455 1.0002 4.4453
252 5.4274 0.9983 4.4291
253 5.4421 1.0002 4.4419
254 5.4152 1.0008 4.4144
255 5.4415 1.0001 4.4414
256 5.4294 1.0003 4.4291
257 5.4518 1.0004 4.4514
258 5.4559 0.9985 4.4575
259 5.3938 0.9995 4.3942
260 5.4388 0.9999 4.4389
261 5.4227 0.9994 4.4233
262 5.4318 0.9992 4.4325
263 5.4124 1.0028 4.4096
264 5.4078 0.9998 4.4080
265 5.4572 1.0016 4.4556
266 5.4148 1.0003 4.4146
267 5.4218 1.0002 4.4216
268 5.4118 1.0000 4.4119
269 5.4208 1.0001 4.4207
270 5.4173 0.9998 4.4175
271 5.3921 1.0000 4.3921
272 5.4282 1.0001 4.4281
273 5.4309 0.9990 4.4318
274 5.4281 0.9979 4.4302
275 5.4331 1.0001 4.4330
276 5.4231 1.0001 4.4230
277 5.4360 0.9997 4.4362
278 5.4755 1.0710 4.4046
279 5.4164 0.9990 4.4173
280 5.4222 1.0014 4.4209
281 5.4280 0.9999 4.4281
282 5.4271 1.0017 4.4254
283 5.4077 0.9996 4.4081
284 5.4038 1.0003 4.4036
285 5.4077 0.9986 4.4091
286 5.4084 1.0003 4.4082
287 5.4113 1.0015 4.4098
288 5.3996 1.0002 4.3994
289 5.3866 1.0018 4.3848
290 5.3948 1.0000 4.3947
291 6.2844 1.7579 4.5265
292 6.3343 1.7838 4.5505
293 6.1383 1.6480 4.4903
294 5.9965 1.5266 4.4699
295 5.8273 1.3965 4.4308
296 5.5830 1.1652 4.4179
297 5.4143 0.9993 4.4150
298 5.4077 1.0011 4.4065
299 5.3885 0.9998 4.3887
300 5.3536 1.0021 4.3516
301 5.3914 1.0002 4.3912
302 5.4139 1.0002 4.4137
303 5.3976 1.0001 4.3975
304 5.3903 0.9982 4.3922
305 5.3883 1.0012 4.3871
306 5.3909 1.0000 4.3909
307 5.7257 0.9984 4.7273
308 5.6482 1.0000 4.6482
309 5.7642 0.9995 4.7648
310 5.6728 1.0004 4.6724
311 5.6262 1.0000 4.6263
312 5.6311 0.9993 4.6318
313 5.6404 0.9994 4.6410
314 5.6613 1.0001 4.6612
315 5.6134 1.0003 4.6130
316 5.6944 0.9998 4.6946
317 5.6205 0.9990 4.6215
318 5.5922 0.9995 4.5927
319 5.5744 0.9999 4.5744
320 5.5070 0.9991 4.5079
321 5.4990 1.0010 4.4979
322 5.4733 0.9999 4.4734
323 5.5107 1.0012 4.5096
324 5.4785 1.0000 4.4785
325 5.4715 0.9998 4.4717
326 5.4273 0.9995 4.4278
327 5.4212 1.0004 4.4208
328 5.4198 0.9995 4.4203
329 5.4612 0.9993 4.4620
330 5.3387 0.9998 4.3389
331 5.4039 1.0009 4.4030
332 5.3932 0.9998 4.3934
333 5.3396 0.9982 4.3414
334 5.4582 1.0002 4.4580
335 5.3693 0.9989 4.3704
336 5.4027 1.0034 4.3992
337 5.3215 0.9999 4.3216
338 5.3465 0.9991 4.3474
339 5.3653 1.0019 4.3634
340 5.3046 1.0026 4.3020
341 5.3343 1.0007 4.3337
342 5.2783 1.0006 4.2778
343 5.2603 1.0000 4.2603
344 5.3042 1.0000 4.3042
345 5.2946 0.9997 4.2949
346 5.2311 1.0002 4.2309
347 5.2460 0.9995 4.2465
348 5.2517 1.0009 4.2508
349 5.2072 0.9995 4.2077
350 5.2578 1.0012 4.2566
351 5.2605 0.9999 4.2606
352 5.2266 0.9997 4.2269
353 5.2235 1.0000 4.2235
354 5.2417 0.9999 4.2418
355 5.2538 0.9996 4.2542
356 5.2480 0.9990 4.2490
357 5.2528 0.9996 4.2532
358 5.2202 0.9978 4.2224
359 5.1880 0.9980 4.1900
360 5.1825 1.0001 4.1824
361 5.2131 0.9999 4.2132
362 5.1840 0.9995 4.1845
363 5.1991 1.0001 4.1990
364 5.2054 0.9984 4.2070
365 5.2108 1.0009 4.2099
366 5.2023 1.0011 4.2011
367 5.1911 1.0000 4.1911
368 5.1863 1.0001 4.1863
369 5.2014 0.9996 4.2018
370 5.1757 1.0001 4.1757
371 5.1724 0.9998 4.1726
372 5.1909 0.9992 4.1918
373 5.1934 1.0006 4.1928
374 5.1633 0.9999 4.1633
375 5.2040 0.9999 4.2042
376 5.2174 0.9994 4.2180
377 5.2353 1.0002 4.2351
378 5.2160 1.0004 4.2157
379 5.1406 1.0002 4.1405
380 5.1579 1.0004 4.1575
381 5.1781 0.9994 4.1787
382 5.1888 0.9981 4.1907
383 5.1690 1.0001 4.1689
384 5.1600 1.0000 4.1599
385 5.1601 1.0001 4.1601
386 5.1406 1.0002 4.1404
387 5.2033 0.9991 4.2042
388 5.1824 1.0012 4.1813
389 5.1890 1.0000 4.1890
390 5.1678 1.0004 4.1674
391 5.1752 0.9952 4.1800
392 5.1374 1.0023 4.1350
393 5.1695 0.9988 4.1707
394 5.1543 1.0001 4.1541
395 5.1337 1.0011 4.1326
396 5.2070 0.9994 4.2075
397 5.1556 1.0000 4.1556
398 5.1398 0.9999 4.1399
399 5.2021 1.0000 4.2022
400 5.1680 0.9996 4.1684
401 5.1719 0.9995 4.1724
402 5.1895 1.0007 4.1888
406 5.2111 1.0003 4.2108
407 5.0203 0.9988 4.0215
408 4.9527 0.9988 3.9539
409 4.9045 0.9996 3.9049
410 4.8442 0.9993 3.8449
411 4.8177 0.9990 3.8187
412 4.8039 1.0002 3.8037
413 4.8298 0.9991 3.8307
414 4.8179 1.0005 3.8174
415 4.7361 0.9981 3.7381
416 4.7962 0.9999 3.7962
417 4.7568 0.9991 3.7577
418 4.7960 1.0000 3.7960
419 4.6408 0.9995 3.6413
420 4.6540 0.9979 3.6561
421 4.6326 0.9982 3.6344
422 4.5773 0.9986 3.5788
423 4.6563 0.9999 3.6564
424 4.6147 0.9989 3.6158
425 4.6540 1.0001 3.6539
426 4.6076 1.0001 3.6074
427 4.6266 0.9997 3.6269
428 4.6057 0.9977 3.6079
429 4.6059 0.9995 3.6064
430 4.5837 0.9997 3.5840
431 4.5485 1.0007 3.5478
432 4.5830 1.0012 3.5818
433 4.6022 1.0009 3.6013
434 4.5622 1.0010 3.5612
435 4.5764 0.9967 3.5797
436 4.5545 1.0002 3.5543
437 4.5944 1.0001 3.5944
438 4.5792 0.9995 3.5797
439 4.5324 0.9912 3.5412
440 4.5697 0.9997 3.5700
441 4.5800 1.0004 3.5796
442 4.5424 1.0023 3.5401
443 4.5224 1.0016 3.5208
444 4.5780 1.0003 3.5776
445 4.5213 0.9989 3.5224
446 4.4997 1.0006 3.4991
447 4.5117 1.0015 3.5102
448 4.5400 0.9996 3.5404
449 4.5141 0.9951 3.5190
450 4.5014 1.0051 3.4963
451 4.4727 0.9997 3.4730
452 4.4977 1.0036 3.4941
453 4.4927 1.0002 3.4924
454 4.5184 1.0003 3.5181
455 4.5379 0.9977 3.5402
456 4.5618 1.0003 3.5615
457 4.5029 0.9993 3.5036
458 4.5440 1.0028 3.5412
459 4.4535 1.0000 3.4535
460 4.5343 1.0005 3.5339
461 4.4798 1.0003 3.4795
462 4.4626 0.9999 3.4627
463 4.4398 0.9996 3.4402
464 4.4436 0.9981 3.4456
465 4.4716 1.0000 3.4717
466 4.4722 1.0013 3.4710
467 4.4556 1.0018 3.4538
468 4.5183 0.9997 3.5186
469 4.4755 0.9996 3.4759
470 4.5161 0.9945 3.5216
471 4.4397 1.0044 3.4353
472 4.4213 1.0000 3.4213
473 4.4958 1.0029 3.4929
474 4.4446 1.0000 3.4446
475 4.4466 0.9983 3.4483
476 4.4357 1.0015 3.4342
477 4.4544 0.9968 3.4576
478 4.4690 0.9992 3.4698
479 4.4428 0.9987 3.4442
480 4.4353 0.9985 3.4368
481 4.4522 0.9993 3.4529
482 4.4838 0.9997 3.4841
483 4.4154 1.0000 3.4154
484 4.4580 1.0001 3.4580
485 4.4513 0.9999 3.4514
486 4.4823 0.9985 3.4838
487 4.4838 1.0023 3.4816
488 4.4729 0.9992 3.4736
489 4.4859 0.9996 3.4863
490 4.4888 0.9998 3.4890
491 4.4736 0.9998 3.4738
492 4.4815 1.0016 3.4799
493 4.5229 1.0000 3.5228
494 4.3943 1.0008 3.3935
495 4.4359 0.9992 3.4367
496 4.4288 1.0008 3.4280
497 4.4198 0.9978 3.4220
498 4.4573 1.0006 3.4567
499 4.4873 1.0003 3.4870
500 4.4478 1.0002 3.4477
501 4.4370 0.9985 3.4385
502 4.4832 0.9985 3.4846
503 4.4661 1.0015 3.4646
504 4.4489 0.9997 3.4491
505 4.4480 1.0014 3.4467
506 4.5325 1.0007 3.5318
507 4.4211 1.0001 3.4210
508 4.4046 1.0012 3.4034
509 4.4557 0.9995 3.4562
510 4.3785 1.0000 3.3785
511 4.4025 0.9988 3.4036
512 4.4193 1.0002 3.4190
513 4.4256 1.0001 3.4255
514 4.3848 1.0001 3.3847
515 4.4224 1.0000 3.4223
516 4.3764 0.9982 3.3782
517 4.4656 1.0012 3.4644
518 4.4561 1.0004 3.4556
519 4.4476 1.0002 3.4474
520 4.4526 0.9999 3.4528
521 4.4328 0.9997 3.4331
522 4.4996 0.9985 3.5012
523 4.4573 0.9996 3.4576
524 4.4103 1.0009 3.4095
525 4.3736 0.9996 3.3740
526 4.4637 0.9996 3.4641
527 4.4818 0.9994 3.4824
528 4.5195 0.9993 3.5202
529 4.4366 0.9991 3.4375
530 4.4710 1.0032 3.4678
531 4.4659 1.0003 3.4656
532 4.3728 1.0015 3.3713
533 4.4204 0.9991 3.4214
534 4.4483 0.9992 3.4491
535 4.4630 1.0000 3.4630
536 4.4723 0.9956 3.4767
537 4.5425 1.0023 3.5402
538 4.4343 1.0001 3.4342
539 4.5018 0.9997 3.5021
540 4.3934 1.0022 3.3913
541 4.4071 0.9999 3.4072
542 4.3668 0.9991 3.3676
543 4.4009 0.9987 3.4022
544 4.3856 1.0007 3.3849
545 4.3767 1.0020 3.3747
546 4.4465 1.0003 3.4462
547 4.4233 1.0003 3.4230
548 4.3960 0.9991 3.3969
549 4.3624 0.9994 3.3630
550 4.4097 0.9969 3.4128
551 4.3978 0.9986 3.3992
552 4.3879 0.9994 3.3884
553 4.3572 0.9982 3.3589
554 4.3277 0.9991 3.3286
555 4.3751 1.0000 3.3750
556 4.3909 0.9999 3.3910
557 4.3932 0.9997 3.3935
558 4.3317 0.9992 3.3325
559 4.3929 1.0005 3.3923
560 4.3778 0.9963 3.3815
561 4.4138 1.0045 3.4094
562 4.3832 0.9991 3.3840
563 4.3629 1.0038 3.3591
564 4.2720 0.9972 3.2747
565 4.3580 1.0043 3.3537
566 4.4091 1.0001 3.4090
567 4.3855 0.9984 3.3871
568 4.3566 1.0027 3.3538
569 4.3847 0.9996 3.3851
570 4.3757 1.0041 3.3716
571 4.3487 0.9977 3.3510
572 4.3335 1.0000 3.3335
573 4.3631 1.0002 3.3629
574 4.3468 0.9986 3.3483
575 4.3869 1.0013 3.3856
576 4.3833 1.0000 3.3833
577 4.3315 1.0000 3.3315
578 4.3787 1.0000 3.3788
579 4.3576 1.0000 3.3577
580 4.3475 0.9982 3.3493
581 4.3822 0.9992 3.3830
582 4.3713 1.0015 3.3698
583 4.3986 0.9998 3.3988
584 4.3474 1.0000 3.3474
585 4.3927 0.9994 3.3932
586 4.3570 0.9998 3.3571
587 4.4105 1.0006 3.4100
588 4.3453 0.9999 3.3453
589 4.3933 0.9990 3.3944
590 4.3756 1.0018 3.3738
591 4.3808 0.9960 3.3847
592 4.3666 1.0008 3.3658
593 4.3933 1.0013 3.3920
594 4.3965 0.9982 3.3983
595 4.3383 0.9978 3.3405
596 4.4232 1.0025 3.4207
597 4.3498 0.9998 3.3500
598 4.3862 1.0000 3.3861
599 4.3920 1.0000 3.3920
600 4.3037 0.9948 3.3089
601 4.3536 1.0011 3.3525
602 4.3522 1.0009 3.3513
603 4.3696 1.0001 3.3694
604 4.3121 1.0013 3.3107
605 4.3532 1.0012 3.3521
606 4.2999 0.9966 3.3033
607 4.3602 0.9953 3.3650
608 4.3303 1.0018 3.3285
609 4.3263 1.0025 3.3238
610 4.3573 1.0006 3.3566
611 4.3521 0.9999 3.3522
612 4.3948 1.0006 3.3942
613 4.4164 0.9999 3.4164
614 4.3493 1.0004 3.3489
615 4.3188 1.0000 3.3188
616 4.3284 1.0000 3.3284
617 4.3200 0.9982 3.3217
618 4.3267 1.0012 3.3255
619 4.3293 0.9969 3.3324
620 4.3486 1.0010 3.3476
621 4.3585 0.9972 3.3613
622 4.3210 1.0009 3.3201
623 4.3919 0.9983 3.3936
624 4.3415 1.0031 3.3385
625 4.3652 0.9978 3.3674
626 4.4452 1.0048 3.4404
627 4.3900 0.9992 3.3908
628 4.4851 0.9990 3.4861
629 4.5834 0.9975 3.5859
630 4.7457 0.9974 3.7483
631 4.5552 1.0016 3.5536
632 4.5474 1.0001 3.5472
633 4.3653 1.0000 3.3653
634 4.3908 0.9918 3.3990
635 4.3640 1.0087 3.3552
636 4.4474 1.0000 3.4474
637 5.1353 1.0014 4.1339
638 4.7877 1.0002 3.7875
639 4.3671 0.9992 3.3679
640 4.3583 0.9995 3.3588
641 4.3167 1.0002 3.3165
642 4.2599 1.0005 3.2594
643 4.4557 1.0007 3.4549
644 4.4317 0.9982 3.4335
645 4.4615 1.0027 3.4588
646 4.3525 0.9969 3.3556
647 4.3702 1.0009 3.3693
648 4.3718 1.0000 3.3719
649 4.3604 0.9999 3.3604
650 4.3201 1.0000 3.3201
651 4.3198 0.9999 3.3199
652 4.3532 0.9986 3.3547
653 4.3190 0.9988 3.3202
654 4.3817 1.0012 3.3805
655 4.3960 1.0004 3.3955
656 4.3452 1.0002 3.3449
657 4.2492 0.9952 3.2541
658 4.3280 1.0012 3.3268
659 4.3488 0.9986 3.3502
660 4.3386 0.9989 3.3397
661 4.2952 1.0001 3.2951
662 4.3452 0.9993 3.3458
663 4.3130 0.9997 3.3133
664 4.4931 0.9996 3.4935
665 4.4004 0.9999 3.4005
666 4.2916 0.9980 3.2935
667 4.2879 1.0005 3.2874
668 4.3062 0.9988 3.3074
669 4.3012 0.9962 3.3049
670 4.3182 1.0006 3.3175
671 4.3334 0.9998 3.3336
672 4.3307 0.9996 3.3312
673 4.3339 0.9999 3.3340
674 4.2810 0.9995 3.2816
675 4.2736 0.9985 3.2751
676 4.2905 0.9992 3.2913
677 4.3106 1.0005 3.3102
678 4.2973 0.9992 3.2981
679 4.3626 0.9995 3.3631
680 4.2440 0.9999 3.2441
681 4.3342 0.9999 3.3343
682 4.2826 0.9990 3.2836
683 4.2641 0.9983 3.2657
684 4.3022 1.0009 3.3013
685 4.2326 0.9994 3.2332
686 4.2970 0.9996 3.2974
687 4.2823 0.9992 3.2831
688 4.2829 1.0002 3.2827
689 4.2926 1.0005 3.2920
690 4.2979 0.9976 3.3002
691 4.3031 0.9993 3.3038
692 4.2952 0.9990 3.2962
693 4.2758 1.0001 3.2757
694 4.2883 0.9991 3.2892
695 4.2925 1.0002 3.2923
696 4.2585 0.9953 3.2632
697 4.2955 0.9998 3.2957
698 4.3234 1.0000 3.3235
699 4.2735 1.0001 3.2734
700 4.3138 0.9999 3.3138
701 4.3142 1.0000 3.3142
702 4.2932 1.0003 3.2929
703 4.3081 0.9998 3.3083
704 4.2460 0.9968 3.2492
705 4.2919 1.0022 3.2897
706 4.2024 0.9996 3.2029
707 4.2739 0.9997 3.2741
708 4.3076 1.0007 3.3068
709 4.4338 1.0007 3.4332
710 4.3938 0.9996 3.3942
711 4.2909 1.0002 3.2907
712 4.2192 0.9992 3.2201
713 4.2419 0.9987 3.2433
714 4.2759 0.9995 3.2763
715 4.2328 0.9999 3.2328
716 4.2530 0.9991 3.2539
717 4.2980 0.9998 3.2982
718 4.2627 0.9968 3.2659
719 4.3061 1.0004 3.3057
720 4.2727 0.9999 3.2727
721 4.2461 1.0003 3.2457
722 4.3232 1.0001 3.3231
723 4.2524 0.9996 3.2529
724 4.2890 1.0005 3.2885
725 4.2757 1.0000 3.2757
726 4.2294 0.9958 3.2336
727 4.2397 0.9902 3.2495
728 4.2770 1.0062 3.2707
729 4.2256 0.9967 3.2290
730 4.2758 0.9998 3.2761
731 4.2995 1.0022 3.2973
732 4.3328 0.9996 3.3331
733 4.2955 0.9999 3.2956
734 4.2374 0.9959 3.2415
735 4.2412 1.0022 3.2390
736 4.2625 0.9954 3.2671
737 4.2920 1.0002 3.2918
738 4.2810 1.0012 3.2798
739 4.2670 1.0015 3.2656
740 4.2674 0.9959 3.2715
741 4.3081 1.0066 3.3016
742 4.2826 0.9999 3.2827
743 4.2570 1.0003 3.2567
744 4.2579 0.9992 3.2587
745 4.2287 0.9988 3.2299
746 4.2163 1.0006 3.2157
747 4.2505 0.9997 3.2508
748 4.2958 1.0016 3.2942
749 4.2522 0.9996 3.2527
750 4.2622 1.0014 3.2608
751 4.1950 1.0001 3.1949
752 4.2871 0.9997 3.2873
753 4.2644 0.9995 3.2649
754 4.2310 1.0005 3.2305
755 4.1971 1.0006 3.1965
756 4.2792 0.9993 3.2799
757 4.2776 1.0003 3.2772
758 4.1884 0.9996 3.1888
759 4.2809 1.0002 3.2806
760 4.2310 1.0005 3.2305
761 4.2775 0.9978 3.2797
762 4.2657 1.0014 3.2642
763 4.2166 0.9976 3.2189
764 4.2715 1.0029 3.2686
765 4.2644 1.0003 3.2640
766 4.2354 1.0002 3.2352
767 4.2669 1.0012 3.2657
768 4.1315 0.9976 3.1340
769 4.2163 0.9953 3.2210
770 4.2815 1.0030 3.2785
771 4.2020 0.9990 3.2030
772 4.2140 0.9998 3.2142
773 4.2475 0.9986 3.2489
774 4.2566 1.0011 3.2555
775 4.1942 0.9978 3.1964
776 4.3134 1.0025 3.3109
777 4.3413 1.0007 3.3406
778 4.2717 1.0013 3.2704
779 4.2374 0.9935 3.2439
780 4.1913 0.9994 3.1919
781 4.2462 1.0028 3.2434
782 4.2398 0.9982 3.2415
783 4.2278 0.9979 3.2299
784 4.2534 1.0028 3.2506
785 4.2051 1.0002 3.2049
786 4.2540 1.0021 3.2519
787 4.2697 0.9972 3.2725
788 4.2324 1.0012 3.2312
789 4.2457 0.9962 3.2495
790 4.2967 0.9956 3.3011
791 4.2159 1.0024 3.2135
792 4.2497 0.9976 3.2521
793 4.2571 0.9969 3.2602
794 4.2384 1.0004 3.2380
795 4.2222 1.0000 3.2222
796 4.1972 1.0000 3.1972
797 4.2668 0.9997 3.2671
798 4.2341 0.9997 3.2345
799 4.2164 1.0006 3.2158
800 4.2611 0.9997 3.2614
801 4.2332 1.0000 3.2332
802 4.2003 1.0000 3.2003
803 4.1910 0.9992 3.1917
804 4.3593 0.9961 3.3632
805 4.2635 1.0031 3.2604
806 4.2007 0.9992 3.2015
807 4.1789 0.9995 3.1794
808 4.1709 0.9987 3.1722
809 4.2353 1.0016 3.2337
810 4.2501 0.9999 3.2501
811 4.1762 0.9986 3.1776
812 4.2176 0.9995 3.2181
813 4.2260 0.9990 3.2270
814 4.2538 1.0002 3.2536
815 4.1540 0.9999 3.1541
816 4.2018 1.0000 3.2018
817 4.1868 0.9996 3.1872
818 4.2261 0.9988 3.2274
819 4.1920 0.9966 3.1955
820 4.1936 0.9983 3.1953
821 4.2052 1.0002 3.2051
822 4.1917 1.0002 3.1915
823 4.2476 1.0003 3.2473
824 4.2802 0.9999 3.2803
825 4.2583 1.0002 3.2581
826 4.1976 0.9998 3.1977
827 4.2651 0.9990 3.2661
828 4.2056 1.0007 3.2048
829 4.2434 0.9980 3.2454
830 4.1902 1.0040 3.1862
831 4.2108 1.0006 3.2102
832 4.1287 1.0004 3.1283
833 4.2030 0.9995 3.2035
834 4.1871 1.0006 3.1865
835 4.2043 0.9999 3.2044
836 4.2343 0.9996 3.2346
837 4.1935 1.0002 3.1933
838 4.2342 0.9998 3.2344
839 4.2553 1.0007 3.2546
840 4.2191 0.9988 3.2203
841 4.1791 1.0022 3.1769
842 4.1752 0.9955 3.1798
843 4.2063 0.9985 3.2078
844 4.4359 1.0002 3.4356
845 4.2822 0.9968 3.2854
846 4.2338 0.9959 3.2379
847 4.2205 0.9997 3.2208
848 4.1435 0.9951 3.1484
849 4.1631 0.9983 3.1647
850 4.1863 0.9987 3.1875
851 4.2671 0.9997 3.2674
852 4.2386 0.9994 3.2391
853 4.3342 0.9998 3.3344
854 4.2907 0.9993 3.2914
855 4.2174 0.9996 3.2177
856 4.2608 1.0005 3.2603
857 4.2182 1.0008 3.2174
858 4.2411 1.0007 3.2404
859 4.1696 0.9956 3.1740
860 4.1571 1.0016 3.1555
861 4.1492 0.9927 3.1565
862 4.2288 1.0012 3.2277
863 4.1795 1.0005 3.1790
864 4.1743 1.0006 3.1737
865 4.1764 1.0002 3.1762
866 4.1929 0.9992 3.1938
867 4.1977 0.9991 3.1987
868 4.1959 0.9993 3.1966
869 4.1391 1.0003 3.1389
870 4.1523 1.0002 3.1520
871 4.1433 1.0004 3.1429
872 4.1575 0.9990 3.1585
873 4.1648 0.9991 3.1657
874 4.1602 0.9980 3.1623
875 4.2063 0.9996 3.2067
876 4.2021 0.9979 3.2042
877 4.1453 0.9986 3.1467
878 4.1831 0.9987 3.1844
879 4.1840 0.9982 3.1858
880 4.3580 0.9996 3.3584
881 4.4964 0.9932 3.5033
882 4.2630 1.0006 3.2624
883 4.2361 1.0004 3.2358
884 4.3842 0.9997 3.3846
885 4.3023 0.9982 3.3041
886 5.6498 1.0010 4.6488
887 6.4681 0.9999 5.4682
888 6.3085 1.0000 5.3085
889 5.8706 0.9996 4.8709
890 4.2883 0.9997 3.2887
891 4.1430 0.9988 3.1442
892 4.1889 0.9983 3.1906
893 4.2136 0.9990 3.2146
894 4.1984 0.9977 3.2007
895 4.2351 0.9972 3.2378
896 4.3826 1.0009 3.3818
897 4.2173 0.9984 3.2189
898 4.2240 0.9938 3.2302
899 4.2266 1.0043 3.2222
900 4.2400 0.9995 3.2405
901 4.2540 0.9995 3.2545
902 4.8739 0.9994 3.8745
903 4.2069 1.0005 3.2064
904 4.2483 0.9994 3.2489
905 4.3522 0.9998 3.3524
906 4.3364 0.9989 3.3374
907 5.7744 0.9964 4.7781
908 5.0736 1.0011 4.0725
909 4.2104 0.9990 3.2114
910 4.2607 0.9988 3.2620
911 4.2302 1.0002 3.2299
912 4.3512 0.9990 3.3523
913 4.2580 0.9954 3.2627
914 4.4430 1.0029 3.4400
915 4.3090 0.9984 3.3106
916 4.2964 0.9994 3.2970
917 4.1990 1.0008 3.1983
918 4.1640 0.9988 3.1652
919 4.2049 0.9916 3.2134
920 4.2389 1.0032 3.2357
921 4.2709 0.9980 3.2729
922 4.2775 0.9984 3.2791
923 4.1671 0.9936 3.1735
924 4.2181 1.0013 3.2168
925 4.2609 0.9997 3.2612
926 4.2291 1.0000 3.2291
927 4.1294 0.9972 3.1321
928 4.2673 0.9997 3.2676
929 4.4513 1.0009 3.4504
930 4.3839 0.9996 3.3843
931 4.2123 1.0000 3.2123
932 4.2137 0.9996 3.2141
933 4.1629 0.9963 3.1666
934 4.2644 1.0031 3.2613
935 4.2884 0.9953 3.2930
936 4.8676 0.9993 3.8683
937 6.2006 0.9991 5.2014
938 5.5159 0.9999 4.5159
939 4.2210 0.9921 3.2289
940 4.5040 1.0050 3.4989
941 4.3045 0.9973 3.3072
942 4.3468 0.9993 3.3476
943 4.2978 0.9997 3.2981
944 4.2523 1.0011 3.2512
945 4.2310 0.9990 3.2320
946 4.1954 0.9992 3.1962
947 4.2219 1.0016 3.2203
948 4.3708 0.9999 3.3709
949 4.3790 1.0015 3.3775
950 4.2367 0.9999 3.2368
951 4.2213 0.9995 3.2218
952 4.2505 1.0005 3.2499
953 4.2409 0.9970 3.2439
954 4.5669 1.0006 3.5662
955 4.3343 0.9980 3.3363
956 4.2542 1.0006 3.2536
957 4.1887 0.9992 3.1895
958 4.2196 0.9997 3.2199
959 4.2825 0.9996 3.2829
960 4.2245 0.9930 3.2314
961 4.2156 0.9997 3.2159
962 4.2087 0.9992 3.2095
963 4.2086 0.9998 3.2087
964 4.3123 1.0021 3.3102
965 4.1657 0.9990 3.1667
966 4.2403 1.0031 3.2371
967 4.3304 1.0005 3.3299
968 4.5737 1.0001 3.5736
969 4.3812 0.9999 3.3814
970 4.1283 0.9976 3.1306
971 4.2898 1.0002 3.2896
972 4.2194 1.0007 3.2187
973 4.1827 1.0006 3.1821
974 4.1297 0.9998 3.1298
975 4.1197 0.9974 3.1223
976 4.2022 0.9960 3.2062
977 4.2379 1.0021 3.2358
978 4.2589 1.0015 3.2573
979 4.1404 1.0023 3.1381
980 4.3118 0.9963 3.3156
981 4.1963 1.0063 3.1900
982 4.2552 0.9978 3.2574
983 4.2229 0.9989 3.2240
984 4.2177 1.0022 3.2155
985 4.1471 1.0015 3.1456
986 4.1349 0.9963 3.1386
987 4.2139 1.0037 3.2101
988 4.1833 1.0017 3.1816
989 4.2432 1.0008 3.2424
990 4.2540 0.9987 3.2552
991 4.2229 1.0009 3.2220
992 4.5035 0.9975 3.5060
993 4.2413 1.0008 3.2404
994 4.1734 1.0011 3.1723
995 4.1492 0.9985 3.1508
996 4.3121 0.9978 3.3143
997 4.4014 1.0007 3.4007
998 4.2602 1.0000 3.2602
999 4.1447 0.9997 3.1449
1000 4.1518 0.9877 3.1640
1001 4.1978 1.0022 3.1956
1002 4.2042 1.0020 3.2022
1003 4.2255 1.0001 3.2254
1004 4.1947 1.0015 3.1932
1005 4.4620 0.9978 3.4642
1006 5.1791 0.9985 4.1806
1007 4.3637 1.0006 3.3631
1008 4.1982 0.9982 3.2000
1009 4.2066 0.9977 3.2089
1010 4.1588 1.0044 3.1544
1011 4.1627 0.9979 3.1648
1012 4.3205 1.0016 3.3189
1013 4.2621 1.0012 3.2609
1014 4.2663 0.9998 3.2666
1015 4.2260 1.0004 3.2256
1016 4.2076 1.0000 3.2076
1017 4.1782 0.9990 3.1791
1018 4.1871 0.9998 3.1873
1019 4.1371 1.0034 3.1337
1020 4.3279 1.1333 3.1946
1021 4.1785 0.9998 3.1786
1022 4.2344 1.0149 3.2195
1023 4.1572 0.9960 3.1611
1024 4.2224 0.9982 3.2242
1025 4.1388 1.0031 3.1357
1026 4.1809 1.0017 3.1792
1027 4.1724 0.9990 3.1735
1028 4.2338 1.0005 3.2333
1029 4.2875 0.9966 3.2909
1030 4.4854 0.9997 3.4857
1031 4.2073 0.9995 3.2078
1032 4.2350 0.9986 3.2364
1033 4.1821 1.0006 3.1815
1034 4.2446 1.0019 3.2427
1035 4.1770 1.0046 3.1723
1036 4.1762 1.0045 3.1717
1037 4.1923 1.0002 3.1921
1038 4.1754 0.9998 3.1757
1039 4.6724 0.9985 3.6739
1040 4.4853 0.9995 3.4858
1041 4.2368 0.9996 3.2373
1042 4.1938 0.9961 3.1977
1043 4.1876 0.9938 3.1939
1044 4.1249 0.9937 3.1312
1045 4.1978 0.9985 3.1993
1046 4.1998 0.9976 3.2022
1047 4.1935 0.9986 3.1949
1048 4.1474 0.9999 3.1475
1049 4.1841 0.9987 3.1854
1050 4.1488 0.9999 3.1489
1051 4.1245 0.9978 3.1267
1052 4.2322 1.0006 3.2316
1053 4.2402 0.9998 3.2404
1054 4.2066 0.9995 3.2071
1055 4.3827 1.0005 3.3822
1056 4.1907 0.9927 3.1980
1057 4.2373 1.0004 3.2370
1058 4.1746 0.9984 3.1762
1059 4.1848 0.9992 3.1856
1060 4.2453 0.9992 3.2461
1061 4.1920 0.9962 3.1959
1062 4.2621 1.0005 3.2615
1063 4.1520 1.0001 3.1519
1064 4.1563 0.9997 3.1566
1065 4.1368 0.9990 3.1378
1066 4.1662 0.9990 3.1672
1067 4.1405 0.9980 3.1424
1068 4.1670 0.9984 3.1686
1069 4.1688 1.0003 3.1685
1070 4.0962 1.0006 3.0956
1071 4.2733 1.0000 3.2733
1072 4.1342 0.9978 3.1363
1073 4.1601 1.0008 3.1593
1074 4.1354 0.9998 3.1355
1075 4.1894 0.9999 3.1895
1076 4.1689 1.0008 3.1680
1077 4.2767 0.9999 3.2768
1078 4.2045 0.9996 3.2050
1079 4.1359 0.9987 3.1372
1080 4.2285 0.9984 3.2301
1081 4.2723 0.9972 3.2751
1082 4.1520 0.9997 3.1523
1083 4.1429 0.9991 3.1438
1084 4.1434 0.9964 3.1471
1085 4.2126 1.0013 3.2112
1086 4.2899 0.9990 3.2909
1087 4.1684 0.9997 3.1687
1088 4.1719 0.9992 3.1727
1089 4.1336 1.0003 3.1334
1090 4.1642 1.0001 3.1640
1091 4.2123 0.9995 3.2128
1092 4.1586 0.9970 3.1615
1093 4.1573 0.9955 3.1617
1094 4.1759 1.0037 3.1723
1095 4.1666 1.0004 3.1663
1096 4.2259 0.9926 3.2333
1097 4.2614 1.0060 3.2553
1098 4.2121 0.9987 3.2134
1099 4.1717 0.9999 3.1718
1100 4.1791 0.9997 3.1793
1101 4.1267 0.9979 3.1288
1102 4.2906 0.9994 3.2912
1103 4.2416 1.0010 3.2406
1104 4.1037 1.0003 3.1035
1105 4.1859 1.0005 3.1854
1106 4.1308 0.9999 3.1309
1107 4.1834 0.9953 3.1881
1108 4.1523 1.0044 3.1479
1109 4.1125 0.9994 3.1131
1110 4.1637 1.0001 3.1636
1111 4.1967 1.0005 3.1962
1112 4.1337 0.9977 3.1360
1113 4.1578 0.9952 3.1626
1114 4.1011 0.9986 3.1025
1115 4.0981 0.9926 3.1055
1116 4.1221 0.9971 3.1250
1117 4.1664 0.9968 3.1696
1118 4.1151 0.9995 3.1157
1119 4.1485 0.9993 3.1492
1120 4.0952 0.9993 3.0959
1121 4.1647 0.9980 3.1666
1122 4.0878 0.9917 3.0961
1123 4.1349 1.0022 3.1327
1124 4.1321 1.0004 3.1317
1125 4.1404 1.0008 3.1396
1126 4.1604 1.0016 3.1588
1127 4.1777 0.9989 3.1788
1128 4.1343 0.9995 3.1347
1129 4.1000 0.9983 3.1017
1130 4.1589 1.0015 3.1574
1131 4.1116 1.0019 3.1098
1132 4.1391 1.0006 3.1385
1133 4.1062 1.0001 3.1061
1134 4.1630 1.0000 3.1630
1135 4.1103 0.9997 3.1107
1136 4.1227 0.9972 3.1255
1137 4.0090 0.9923 3.0168
1138 4.1873 1.0042 3.1830
1139 4.1127 0.9987 3.1140
1140 4.0618 0.9991 3.0627
1141 4.1679 0.9991 3.1688
1142 4.1598 1.0005 3.1594
1143 4.1541 1.0000 3.1541
1144 4.1946 1.0002 3.1944
1145 4.1637 0.9994 3.1643
1146 4.1370 0.9999 3.1370
1147 4.0991 0.9996 3.0996
1148 4.1002 0.9945 3.1057
1149 4.1204 0.9996 3.1208
1150 4.1303 1.0004 3.1299
1151 4.1223 1.0002 3.1222
1152 4.2009 0.9952 3.2058
1153 4.1392 1.0009 3.1383
1154 4.0873 1.0017 3.0857
1155 4.1171 1.0013 3.1158
1156 4.0736 0.9936 3.0800
1157 4.1089 0.9940 3.1148
1158 4.1356 0.9980 3.1376
1159 4.1225 0.9997 3.1228
1160 4.1198 0.9988 3.1210
1161 4.0674 0.9963 3.0711
1162 4.1022 1.0020 3.1002
1163 4.1287 0.9995 3.1292
1164 4.1257 0.9997 3.1260
1165 4.1047 1.0011 3.1036
1166 4.0316 0.9991 3.0325
1167 4.1494 1.0016 3.1479
1168 4.1312 0.9992 3.1320
1169 4.0344 0.9960 3.0384
1170 4.1403 1.0002 3.1401
1171 4.2094 0.9966 3.2128
1172 4.1278 0.9976 3.1302
1173 4.1584 0.9988 3.1596
1174 4.0913 0.9945 3.0968
1175 4.0317 0.9873 3.0444
1176 4.0835 0.9964 3.0871
1177 4.0884 1.0004 3.0880
1178 4.1236 0.9990 3.1246
1179 4.0667 0.9998 3.0669
1180 4.1199 0.9977 3.1222
1181 4.1700 1.0016 3.1683
1182 4.0971 0.9945 3.1026
1183 4.1875 1.0002 3.1874
1184 4.1624 0.9998 3.1626
1185 4.2448 0.9994 3.2453
1186 4.1546 0.9983 3.1563
1187 4.1386 0.9992 3.1395
1188 4.1834 0.9959 3.1876
1189 4.0983 0.9936 3.1047
1190 4.1550 1.0005 3.1546
1191 4.1285 0.9983 3.1302
1192 4.0820 0.9989 3.0831
1193 4.1065 0.9987 3.1078
1194 4.1138 0.9998 3.1141
1195 4.0944 0.9994 3.0950
1196 4.1106 0.9973 3.1133
1197 4.1109 0.9999 3.1110
1198 4.0444 0.9954 3.0491
1199 4.1188 0.9964 3.1224
1200 4.1612 1.0001 3.1612
1201 4.1513 0.9999 3.1514
1202 4.0969 1.0004 3.0965
1203 4.1144 0.9991 3.1153
1204 4.1698 1.0009 3.1689
1205 4.0968 0.9943 3.1025
1206 4.0276 0.9983 3.0292
1207 4.1215 0.9994 3.1221
1208 4.2462 0.9994 3.2469
1209 4.1896 1.0001 3.1895
1210 4.0064 0.9951 3.0112
1211 4.1758 1.0031 3.1728
1212 4.1058 0.9988 3.1071
1213 4.0884 0.9992 3.0892
1214 4.0940 0.9994 3.0946
1215 4.1135 1.0000 3.1136
1216 4.2345 1.0000 3.2345
1217 4.0426 0.9997 3.0428
1218 4.1217 1.0002 3.1216
1219 4.1078 0.9999 3.1079
1220 4.1571 1.0001 3.1570
1221 4.1057 0.9999 3.1059
1222 4.1205 0.9996 3.1209
1223 4.0020 0.9998 3.0021
1224 4.0817 1.0007 3.0811
1225 4.0798 1.0001 3.0797
1226 4.0145 0.9975 3.0171
1227 4.1099 0.9989 3.1109
1228 4.1169 0.9973 3.1195
1229 4.0528 0.9999 3.0529
1230 4.1098 1.0000 3.1098
1231 4.1014 1.0005 3.1010
1232 4.1606 0.9981 3.1626
1233 4.0709 0.9972 3.0738
1234 4.1358 0.9974 3.1384
1235 4.1312 0.9939 3.1373
1236 4.0059 0.9942 3.0117
1237 4.0469 1.0004 3.0465
1238 4.0966 0.9988 3.0978
1239 4.0797 0.9996 3.0800
1240 4.1292 1.0001 3.1291
1241 4.1390 0.9982 3.1408
1242 4.1546 0.9989 3.1558
1243 4.0610 0.9962 3.0648
1244 4.1505 0.9930 3.1575
1245 4.0927 0.9970 3.0957
1246 3.9834 0.9982 2.9853
1247 4.1397 0.9991 3.1406
1248 4.0792 0.9990 3.0801
1249 4.0837 1.0015 3.0821
1250 4.0803 0.9925 3.0878
1251 4.2105 0.9995 3.2110
1252 4.1579 1.0034 3.1545
1253 4.1098 1.0003 3.1094
1254 4.0836 1.0021 3.0815
1255 4.1142 1.0018 3.1124
1256 4.0739 0.9998 3.0740
1257 4.1532 1.0018 3.1514
1258 4.0476 1.0001 3.0475
1259 4.0364 0.9978 3.0386
1260 4.0949 1.0000 3.0949
1261 4.0331 0.9968 3.0363
1262 4.1273 1.0013 3.1260
1263 4.0237 0.9992 3.0245
1264 4.0360 0.9981 3.0379
1265 3.9796 0.9961 2.9834
1266 4.0895 1.0027 3.0868
1267 4.0537 0.9991 3.0546
1268 4.0713 1.0000 3.0713
1269 4.0376 0.9982 3.0394
1270 4.0382 1.0011 3.0371
1271 3.9824 0.9991 2.9834
1272 4.0214 0.9961 3.0254
1273 4.0324 0.9990 3.0334
1274 4.1185 0.9992 3.1193
1275 4.0727 0.9988 3.0739
1276 4.0049 1.0000 3.0049
1277 3.9739 0.9965 2.9774
1278 3.9965 0.9991 2.9974
1279 4.1228 1.0010 3.1217
1280 4.0426 0.9984 3.0442
1281 4.0322 0.9912 3.0411
1282 3.9420 0.9868 2.9552
1283 4.0168 1.0063 3.0104
1284 4.0422 0.9999 3.0423
1285 4.0848 1.0058 3.0791
1286 4.2357 0.9970 3.2386
1287 3.9860 0.9990 2.9870
1288 4.0868 1.0038 3.0830
1289 4.0638 1.0002 3.0636
1290 4.0298 1.0000 3.0298
1291 4.0194 0.9993 3.0200
1292 3.9589 0.9870 2.9719
1293 4.0692 1.0044 3.0648
1294 3.9749 1.0007 2.9742
1295 4.0303 0.9997 3.0306
1296 4.1596 0.9982 3.1613
1297 4.2851 1.0009 3.2842
1298 3.9828 0.9937 2.9891
1299 4.0196 1.0012 3.0184
1300 3.9936 0.9976 2.9960
1301 4.0153 0.9964 3.0189
1302 4.0074 1.0008 3.0065
1303 4.0767 0.9996 3.0771
1304 4.0898 0.9998 3.0900
1305 3.9946 0.9916 3.0030
1306 4.0927 1.0034 3.0893
1307 4.0199 0.9987 3.0212
1308 4.0371 1.0000 3.0371
1309 3.9683 0.9978 2.9705
1310 4.0113 1.0013 3.0100
1311 4.1007 0.9998 3.1009
1312 4.0156 1.0014 3.0142
1313 4.0564 0.9998 3.0566
1314 4.0170 0.9987 3.0183
1315 3.9529 0.9920 2.9610
1316 3.9612 1.0024 2.9588
1317 3.9896 1.0002 2.9895
1318 4.0221 1.0004 3.0218
1319 3.9657 1.0000 2.9657
1320 4.0341 1.0001 3.0340
1321 4.0164 0.9994 3.0171
1322 3.9914 0.9982 2.9933
1323 4.0098 0.9999 3.0099
1324 4.0187 0.9973 3.0215
1325 4.1090 0.9988 3.1102
1326 3.9560 0.9996 2.9564
1327 4.0471 0.9995 3.0475
1328 4.0023 0.9999 3.0023
1329 3.9323 0.9943 2.9380
1330 3.9571 1.0000 2.9571
1331 3.9707 1.0004 2.9703
1332 3.9701 0.9979 2.9722
1333 3.9970 0.9958 3.0013
1334 3.9299 0.9983 2.9316
1335 3.8843 0.9858 2.8985
1336 4.0023 1.0026 2.9997
1337 3.9976 0.9997 2.9980
1338 3.9867 1.0002 2.9865
1339 3.9922 0.9990 2.9932
1340 4.0121 0.9986 3.0135
1341 4.0815 1.0016 3.0799
1342 3.9472 0.9987 2.9485
1343 3.9774 1.0001 2.9773
1344 4.0079 0.9995 3.0085
1345 4.0203 1.0001 3.0202
1346 3.9318 0.9923 2.9395
1347 4.0030 0.9993 3.0037
1348 4.0241 1.0028 3.0213
1349 3.9789 1.0006 2.9783
1350 4.0173 0.9997 3.0175
1351 3.9766 0.9998 2.9767
1352 4.0055 1.0006 3.0049
1353 4.0214 1.0009 3.0205
1354 3.9583 1.0011 2.9571
1355 3.9540 0.9996 2.9544
1356 3.9864 1.0003 2.9861
1357 3.9897 0.9983 2.9914
1358 3.9895 0.9972 2.9923
1359 4.0895 1.0028 3.0867
1360 4.0269 1.0000 3.0269
1361 4.0342 1.0002 3.0339
1362 3.9350 0.9977 2.9373
1363 3.9472 1.0018 2.9453
1364 4.0365 1.0001 3.0364
1365 3.9913 1.0007 2.9906
1366 3.9180 0.9974 2.9207
1367 3.9967 0.9987 2.9980
1368 3.9995 0.9988 3.0007
1369 3.9541 0.9959 2.9583
1370 3.9306 0.9980 2.9326
1371 3.9988 0.9995 2.9993
1372 3.9621 0.9997 2.9624
1373 3.9406 0.9957 2.9449
1374 3.9189 0.9876 2.9313
1375 4.1689 1.0105 3.1584
1376 3.9982 1.0010 2.9972
1377 3.9251 1.0007 2.9244
1378 3.9624 0.9985 2.9639
1379 3.9647 0.9984 2.9663
1380 3.9362 0.9933 2.9429
1381 3.9701 1.0000 2.9701
1382 3.9092 0.9969 2.9122
1383 3.9666 0.9999 2.9668
1384 3.9747 0.9981 2.9765
1385 3.9875 0.9954 2.9921
1386 3.8808 1.0020 2.8789
1387 3.8857 0.9958 2.8899
1388 4.0098 0.9980 3.0118
1389 3.9196 0.9985 2.9212
1390 3.9737 0.9969 2.9767
1391 3.9510 0.9999 2.9511
1392 3.9449 0.9996 2.9453
1393 3.8737 0.9960 2.8777
1394 3.9962 0.9996 2.9966
1395 3.9356 1.0005 2.9350
1396 3.9764 0.9971 2.9792
1397 3.9840 0.9997 2.9843
1398 4.0076 0.9983 3.0093
1399 3.9452 0.9976 2.9476
1400 4.0073 1.0006 3.0068
1401 3.9592 0.9967 2.9625
1402 3.9998 1.0009 2.9989
1403 4.0236 0.9998 3.0238
1404 3.8916 1.0007 2.8909
1405 3.9680 0.9999 2.9681
1406 3.9069 0.9953 2.9115
1407 3.9498 1.0010 2.9488
1408 3.9933 0.9996 2.9937
1409 3.9113 0.9988 2.9125
1410 4.0466 0.9999 3.0467
1411 4.0105 1.0001 3.0104
1412 3.9312 1.0003 2.9310
1413 3.9701 0.9997 2.9704
1414 3.9424 0.9988 2.9436
1415 3.9076 1.0008 2.9068
1416 3.9057 0.9961 2.9096
1417 3.9672 0.9992 2.9680
1418 3.9353 0.9992 2.9362
1419 3.8804 0.9954 2.8850
1420 3.9853 1.0015 2.9839
1421 3.9097 0.9940 2.9158
1422 3.9304 0.9960 2.9344
1423 4.0466 1.0023 3.0443
1424 3.9251 0.9958 2.9292
1425 3.9231 0.9994 2.9236
1426 3.8383 0.9944 2.8439
1427 3.8934 0.9984 2.8950
1428 3.9456 1.0000 2.9455
1429 3.8640 0.9971 2.8669
1430 3.8781 0.9924 2.8857
1431 3.9081 0.9979 2.9102
1432 3.8981 0.9995 2.8986
1433 3.8862 0.9980 2.8882
1434 3.9687 0.9981 2.9706
1435 3.8705 1.0000 2.8705
1436 3.8540 0.9984 2.8555
1437 3.9487 0.9991 2.9497
1438 3.9234 0.9985 2.9250
1439 3.8702 0.9957 2.8745
1440 3.8910 1.0015 2.8895
1441 3.9285 0.9997 2.9288
1442 4.1229 0.9997 3.1233
1443 4.3585 0.9963 3.3621
1444 4.2156 0.9984 3.2172
1445 3.8670 0.9971 2.8700
1446 3.8371 0.9945 2.8426
1447 3.9388 0.9996 2.9392
1448 3.8886 0.9975 2.8911
1449 3.8975 0.9989 2.8986
1450 3.9582 0.9966 2.9616
1451 3.9691 0.9982 2.9709
1452 4.0071 1.0003 3.0068
1453 4.1075 0.9993 3.1082
1454 4.0256 0.9984 3.0272
1455 3.9938 1.0003 2.9935
1456 3.9204 0.9977 2.9227
1457 3.9541 0.9974 2.9567
1458 3.8774 0.9906 2.8868
1459 3.8789 0.9994 2.8794
1460 3.9201 0.9943 2.9258
1461 3.9178 0.9976 2.9202
1462 3.9836 0.9994 2.9842
1463 3.8111 0.9983 2.8128
1464 3.9449 0.9996 2.9453
1465 3.9950 1.0000 2.9949
1466 3.9383 0.9983 2.9400
1467 3.8878 0.9925 2.8953
1468 3.9928 1.0041 2.9886
1469 3.9345 0.9997 2.9348
1470 3.8747 1.0004 2.8743
1471 3.8805 0.9978 2.8826
1472 3.9330 0.9974 2.9356
1473 4.0115 1.0014 3.0100
1474 4.0606 0.9993 3.0613
1475 4.2909 0.9991 3.2918
1476 4.0217 0.9997 3.0220
1477 3.9408 0.9988 2.9420
1478 3.8863 0.9970 2.8892
1479 3.8759 0.9933 2.8826
1480 3.9596 1.0020 2.9575
1481 3.9818 1.0001 2.9817
1482 3.8731 1.0012 2.8719
1483 4.0103 0.9992 3.0110
1484 4.0090 1.0004 3.0086
1485 3.9639 0.9993 2.9646
1486 3.9124 0.9998 2.9126
1487 3.9399 1.0002 2.9398
1488 3.8873 1.0006 2.8867
1489 3.8761 0.9946 2.8815
1490 3.9043 1.0026 2.9018
1491 3.8481 0.9965 2.8516
1492 3.9224 0.9972 2.9252
1493 3.8740 0.9950 2.8789
1494 3.9125 0.9979 2.9146
1495 3.8907 0.9998 2.8908
1496 3.8822 0.9964 2.8858
1497 3.8191 0.9979 2.8212
1498 3.8642 0.9987 2.8656
1499 3.9026 1.0002 2.9024
1500 3.8603 0.9989 2.8613
1501 3.9011 0.9968 2.9043
1502 3.8964 1.0024 2.8940
1503 3.9533 1.0003 2.9529
1504 3.8620 0.9977 2.8644
1505 3.9342 1.0009 2.9332
1506 3.8229 1.0002 2.8227
1507 3.8233 0.9970 2.8263
1508 3.8238 0.9988 2.8250
1509 3.8812 1.0000 2.8812
1510 3.8664 0.9974 2.8690
1511 3.8395 0.9939 2.8456
1512 3.8914 1.0041 2.8874
1513 3.9425 0.9996 2.9428
1514 3.8584 1.0004 2.8581
1515 3.8589 0.9994 2.8596
1516 3.8717 0.9966 2.8752
1517 3.8808 1.0014 2.8794
1518 3.8231 0.9932 2.8298
1519 3.8723 1.0004 2.8719
1520 3.7622 0.9924 2.7698
1521 3.8795 0.9977 2.8818
1522 3.8459 0.9984 2.8475
1523 3.9201 0.9996 2.9205
1524 3.8192 1.0018 2.8174
1525 3.9370 1.0003 2.9368
1526 3.8135 0.9968 2.8167
1527 3.9737 1.0006 2.9731
1528 3.9065 1.0001 2.9064
1529 3.8991 1.0003 2.8988
1530 3.9010 1.0004 2.9006
1531 3.8900 0.9959 2.8941
1532 3.8802 0.9976 2.8826
1533 3.8807 0.9868 2.8939
1534 4.0735 1.0016 3.0718
1535 3.8313 0.9933 2.8380
1536 3.9912 0.9999 2.9914
1537 3.9553 1.0000 2.9553
1538 3.8733 1.0000 2.8734
1539 3.8270 0.9980 2.8291
1540 3.9154 0.9936 2.9218
1541 3.9774 1.0043 2.9730
1542 4.0103 0.9998 3.0105
1543 3.9080 0.9984 2.9096
1544 3.8458 0.9993 2.8466
1545 3.8181 0.9929 2.8251
1546 3.8763 0.9907 2.8856
1547 3.8475 0.9939 2.8536
1548 3.9363 0.9923 2.9440
1549 3.9327 1.0005 2.9322
1550 3.8654 0.9990 2.8664
1551 3.8272 0.9918 2.8354
1552 3.9148 1.0046 2.9101
1553 3.8165 0.9999 2.8166
1554 3.8624 0.9945 2.8679
1555 3.8395 0.9933 2.8462
1556 3.8698 0.9981 2.8717
1557 3.8394 0.9968 2.8427
1558 3.9793 0.9995 2.9798
1559 3.8172 1.0005 2.8167
1560 3.9191 1.0006 2.9186
1561 3.8352 0.9993 2.8359
1562 3.9395 1.0011 2.9384
1563 3.8880 0.9988 2.8892
1564 3.9003 0.9957 2.9046
1565 3.8929 0.9965 2.8964
1566 3.9446 1.0020 2.9425
1567 3.8457 1.0004 2.8453
1568 3.8950 0.9999 2.8951
1569 3.8088 0.9938 2.8150
1570 3.9115 1.0046 2.9068
1571 3.8738 0.9999 2.8739
1572 3.8858 1.0003 2.8856
1573 3.8613 0.9999 2.8614
1574 3.8563 0.9991 2.8572
1575 3.8470 1.0007 2.8463
1576 3.8853 0.9989 2.8864
1577 3.8953 0.9998 2.8955
1578 3.8420 0.9990 2.8430
1579 3.8387 0.9959 2.8427
1580 3.8295 0.9987 2.8308
1581 3.7959 0.9983 2.7976
1582 3.7991 0.9963 2.8027
1583 3.8869 0.9999 2.8870
1584 3.8132 0.9998 2.8134
1585 3.8603 0.9988 2.8615
1586 3.9035 0.9990 2.9045
1587 3.7903 0.9867 2.8036
1588 3.8466 1.0053 2.8413
1589 3.8897 0.9967 2.8931
1590 3.8130 0.9997 2.8132
1591 3.8947 0.9989 2.8959
1592 3.8611 1.0005 2.8606
1593 3.8455 0.9993 2.8462
1594 3.8774 1.0001 2.8773
1595 3.8154 1.0000 2.8153
1596 3.8262 0.9968 2.8294
1597 3.8414 1.0001 2.8413
1598 3.8704 1.0023 2.8681
1599 3.8303 1.0003 2.8300
1600 3.8150 1.0017 2.8133
1601 3.8675 1.0003 2.8672
1602 3.8383 0.9998 2.8385
1603 3.8617 1.0003 2.8614
1604 3.9001 1.0001 2.9000
1605 3.8553 0.9991 2.8562
1606 3.8344 0.9970 2.8374
1607 3.8374 1.0023 2.8351
1608 3.8479 0.9993 2.8486
1609 3.9017 0.9994 2.9024
1610 3.7765 0.9995 2.7770
1611 3.8868 1.0000 2.8868
1612 3.8146 0.9990 2.8157
1613 3.8743 1.0000 2.8743
1614 3.8892 0.9999 2.8893
1615 3.9112 1.0004 2.9108
1616 3.8263 1.0002 2.8262
1617 3.7620 0.9943 2.7677
1618 3.8100 1.0014 2.8085
1619 3.8454 1.0006 2.8448
1620 3.7884 1.0001 2.7883
1621 3.8218 1.0002 2.8217
1622 3.8275 0.9992 2.8283
1623 3.8338 1.0003 2.8334
1624 3.8418 0.9993 2.8425
1625 3.8332 0.9992 2.8340
1626 3.8034 0.9981 2.8053
1627 3.8382 1.0003 2.8379
1628 3.8392 0.9988 2.8404
1629 3.7355 0.9963 2.7392
1630 3.8564 1.0001 2.8562
1631 3.8448 0.9988 2.8460
1632 3.8028 0.9995 2.8033
1633 3.8904 1.0018 2.8886
1634 3.8724 0.9966 2.8758
1635 3.7911 0.9992 2.7919
1636 3.8418 1.0020 2.8398
1637 3.7866 0.9978 2.7888
1638 3.8632 0.9992 2.8640
1639 3.8327 0.9964 2.8363
1640 3.8047 0.9988 2.8059
1641 3.7855 0.9939 2.7917
1642 3.7680 0.9976 2.7704
1643 3.7926 0.9998 2.7927
1644 3.8532 1.0003 2.8529
1645 3.8023 0.9986 2.8037
1646 3.7725 1.0007 2.7718
1647 3.8734 0.9983 2.8751
1648 3.8587 0.9970 2.8617
1649 3.8252 0.9977 2.8275
1650 3.7713 0.9997 2.7716
1651 3.9968 0.9984 2.9983
1652 3.9193 0.9959 2.9234
1653 3.7429 0.9961 2.7469
1654 3.8015 1.0008 2.8006
1655 3.8140 1.0000 2.8141
1656 3.8137 1.0011 2.8126
1657 3.7452 0.9942 2.7510
1658 3.8804 0.9998 2.8806
1659 3.7761 0.9988 2.7772
1660 3.7915 0.9982 2.7934
1661 3.7619 0.9923 2.7696
1662 3.7645 0.9944 2.7701
1663 3.7817 0.9987 2.7830
1664 3.7504 0.9982 2.7523
1665 3.8038 0.9999 2.8039
1666 3.8150 0.9989 2.8161
1667 3.8137 1.0004 2.8133
1668 3.8221 0.9996 2.8225
1669 3.8220 0.9985 2.8234
1670 3.8030 0.9976 2.8053
1671 3.7758 0.9997 2.7761
1672 3.8214 0.9959 2.8256
1673 3.7708 0.9975 2.7733
1674 3.7826 0.9930 2.7896
1675 3.8059 0.9987 2.8072
1676 3.8798 0.9998 2.8800
1677 3.7849 0.9999 2.7850
1678 3.8124 0.9999 2.8125
1679 3.7913 0.9993 2.7921
1680 3.7764 0.9999 2.7765
1681 3.7646 0.9965 2.7682
1682 3.8409 0.9990 2.8419
1683 3.7691 0.9997 2.7695
1684 3.7813 0.9999 2.7814
1685 3.8507 1.0009 2.8499
1686 3.8078 0.9986 2.8092
1687 3.7781 0.9946 2.7834
1688 3.7476 1.0024 2.7452
1689 3.8294 1.0000 2.8294
1690 3.8103 1.0012 2.8091
1691 3.7891 0.9985 2.7907
1692 3.7424 1.0007 2.7417
1693 3.7753 0.9956 2.7798
1694 3.7988 0.9995 2.7992
1695 3.8887 1.0028 2.8859
1696 3.8317 1.0023 2.8294
1697 3.8203 1.0032 2.8171
1698 3.7170 0.9929 2.7241
1699 3.7704 1.0030 2.7675
1700 3.8054 0.9984 2.8070
1701 3.7721 0.9912 2.7809
1702 3.7109 0.9974 2.7135
1703 3.8249 0.9993 2.8257
1704 3.7827 0.9998 2.7829
1705 3.7690 0.9998 2.7691
1706 3.7195 0.9996 2.7198
1707 3.7322 0.9971 2.7351
1708 3.7714 0.9992 2.7722
1709 3.7181 0.9970 2.7211
1710 3.8105 0.9993 2.8112
1711 3.7380 0.9952 2.7428
1712 3.7084 0.9967 2.7117
1713 3.8048 1.0012 2.8036
1714 3.7753 0.9996 2.7756
1715 3.7390 0.9949 2.7441
1716 3.7730 1.0026 2.7704
1717 3.8331 0.9995 2.8336
1718 3.7898 0.9987 2.7911
1719 3.7838 0.9999 2.7839
1720 3.7819 0.9995 2.7825
1721 3.7921 0.9991 2.7930
1722 3.8163 0.9986 2.8177
1723 3.8072 0.9992 2.8080
1724 3.7234 0.9958 2.7276
1725 3.8330 1.0014 2.8316
1726 3.7876 1.0002 2.7874
1727 3.7972 0.9981 2.7991
1728 3.7667 0.9979 2.7689
1729 3.7605 0.9979 2.7626
1730 3.7497 1.0002 2.7495
1731 3.6944 0.9952 2.6992
1732 3.7531 0.9979 2.7552
1733 3.8030 1.0007 2.8023
1734 3.7668 0.9998 2.7670
1735 3.7661 0.9991 2.7670
1736 3.8234 1.0002 2.8231
1737 3.7336 0.9964 2.7373
1738 3.8416 1.0014 2.8402
1739 3.7870 0.9964 2.7906
1740 3.7963 1.0005 2.7959
1741 3.7286 0.9962 2.7323
1742 3.7371 0.9987 2.7383
1743 3.8453 1.0007 2.8445
1744 3.7243 1.0003 2.7240
1745 3.7262 0.9969 2.7293
1746 3.7710 1.0003 2.7707
1747 3.8368 0.9998 2.8370
1748 3.8068 0.9986 2.8082
1749 3.7240 0.9984 2.7256
1750 3.7239 0.9932 2.7306
1751 3.7744 1.0037 2.7706
1752 3.7031 0.9965 2.7066
1753 3.7958 0.9974 2.7983
1754 3.8108 1.0000 2.8108
1755 3.7815 0.9988 2.7827
1756 3.7626 0.9986 2.7639
1757 3.7922 0.9993 2.7930
1758 3.6894 0.9931 2.6963
1759 3.7439 0.9969 2.7470
1760 3.7099 0.9964 2.7135
1761 3.7659 0.9943 2.7716
1762 3.8046 1.0004 2.8042
1763 3.7357 1.0008 2.7349
1764 3.7786 1.0008 2.7778
1765 3.7207 0.9995 2.7213
1766 3.7875 0.9959 2.7916
1767 3.7155 0.9994 2.7160
1768 3.6985 0.9995 2.6990
1769 3.7256 1.0002 2.7255
1770 3.7742 1.0011 2.7732
1771 3.6757 0.9971 2.6786
1772 3.7613 1.0032 2.7580
1773 3.7402 0.9987 2.7415
1774 3.7065 0.9996 2.7070
1775 3.7651 1.0000 2.7651
1776 3.7358 0.9995 2.7363
1777 3.6354 0.9997 2.6356
1778 3.8071 0.9995 2.8076
1779 3.8094 0.9984 2.8110
1780 3.7297 1.0024 2.7274
1781 3.7657 0.9990 2.7666
1782 3.7577 0.9999 2.7579
1783 3.7007 0.9942 2.7065
1784 3.8417 1.0009 2.8408
1785 3.8772 0.9936 2.8836
1786 3.7904 1.0004 2.7900
1787 3.7262 1.0007 2.7255
1788 3.6728 0.9968 2.6760
1789 3.7901 1.0026 2.7875
1790 3.6951 0.9967 2.6984
1791 3.7362 0.9990 2.7372
1792 3.7095 0.9997 2.7098
1793 3.6905 0.9979 2.6926
1794 3.6749 0.9964 2.6784
1795 3.8789 1.0012 2.8777
1796 3.6836 0.9997 2.6839
1797 3.6788 0.9907 2.6881
1798 3.7916 1.0002 2.7914
1799 3.6820 1.0022 2.6798
1800 3.6953 0.9982 2.6970
1801 3.7764 0.9992 2.7773
1802 3.6964 0.9986 2.6978
1803 3.7515 1.0005 2.7510
1804 3.7145 0.9992 2.7153
1805 3.7624 0.9980 2.7644
1806 3.7330 0.9970 2.7360
1807 3.7354 1.0010 2.7345
1808 3.6810 0.9995 2.6815
1809 3.7759 0.9997 2.7763
1810 3.6717 0.9916 2.6801
1811 3.8442 1.0045 2.8397
1812 3.7532 0.9999 2.7534
1813 3.7153 0.9980 2.7173
1814 3.7276 0.9985 2.7291
1815 3.7273 1.0001 2.7273
1816 3.6788 0.9913 2.6875
1817 3.7590 1.0033 2.7558
1818 3.7411 1.0004 2.7407
1819 3.7743 1.0012 2.7732
1820 3.6718 0.9961 2.6758
1821 3.7773 1.0041 2.7733
1822 3.6928 0.9989 2.6939
1823 3.7816 0.9996 2.7820
1824 3.6960 0.9974 2.6986
1825 3.7319 1.0020 2.7299
1826 3.7104 0.9990 2.7114
1827 3.6815 0.9955 2.6860
1828 3.6729 0.9927 2.6802
1829 3.7218 0.9961 2.7258
1830 3.7758 1.0007 2.7751
1831 3.7333 0.9989 2.7345
1832 3.6967 0.9987 2.6979
1833 3.8003 0.9999 2.8004
1834 3.6538 0.9945 2.6593
1835 3.6566 0.9956 2.6609
1836 3.6935 1.0009 2.6926
1837 3.7020 0.9977 2.7042
1838 3.6701 0.9988 2.6713
1839 3.7299 1.0000 2.7299
1840 3.6600 0.9992 2.6608
1841 3.7540 1.0000 2.7540
1842 3.6826 1.0002 2.6825
1843 3.7395 1.0003 2.7392
1844 3.6706 0.9961 2.6745
1845 3.7175 0.9996 2.7179
1846 3.7317 0.9978 2.7339
1847 3.6919 0.9986 2.6933
1848 3.7151 0.9982 2.7168
1849 3.7105 0.9978 2.7127
1850 3.6811 0.9971 2.6840
1851 3.7192 0.9990 2.7201
1852 3.7133 1.0002 2.7131
1853 3.7349 1.0006 2.7343
1854 3.6952 1.0000 2.6952
1855 3.6863 0.9978 2.6885
1856 3.7194 0.9988 2.7205
1857 3.7556 1.0000 2.7556
1858 3.7559 0.9999 2.7560
1859 3.6826 0.9998 2.6828
1860 3.6373 0.9947 2.6425
1861 3.6083 0.9839 2.6244
1862 3.8067 1.0098 2.7970
1863 3.6802 0.9985 2.6817
1864 3.6577 1.0013 2.6564
1865 3.7183 0.9998 2.7185
1866 3.7555 1.0002 2.7554
1867 3.7629 1.0002 2.7627
1868 3.7834 0.9999 2.7834
1869 3.6095 0.9990 2.6105
1870 3.7252 0.9993 2.7259
1871 3.6754 1.0001 2.6753
1872 3.6275 0.9991 2.6284
1873 3.6498 0.9978 2.6520
1874 3.6561 0.9969 2.6592
1875 3.6559 0.9987 2.6572
1876 3.7014 0.9934 2.7080
1877 3.6896 0.9968 2.6928
1878 3.6555 1.0007 2.6548
1879 3.7169 1.0002 2.7167
1880 3.6870 0.9984 2.6886
1881 3.6712 0.9962 2.6750
1882 3.6569 0.9971 2.6599
1883 3.6929 0.9926 2.7003
1884 3.7028 0.9942 2.7086
1885 3.6189 0.9951 2.6238
1886 3.7036 0.9994 2.7042
1887 3.7193 0.9993 2.7200
1888 3.7106 0.9994 2.7112
1889 3.6968 1.0009 2.6959
1890 3.6799 0.9985 2.6814
1891 3.6859 0.9994 2.6865
1892 3.7087 0.9983 2.7104
1893 3.7108 1.0001 2.7107
1894 3.6840 0.9992 2.6848
1895 3.7447 0.9999 2.7449
1896 3.6805 0.9972 2.6833
1897 3.6989 1.0008 2.6981
1898 3.6856 0.9992 2.6864
1899 3.7226 0.9980 2.7247
1900 3.6834 0.9985 2.6849
1901 3.7057 0.9998 2.7060
1902 3.6039 0.9929 2.6111
1903 3.6368 1.0013 2.6355
1904 3.6270 0.9941 2.6329
1905 3.7408 1.0008 2.7401
1906 3.7048 0.9964 2.7084
1907 3.7489 0.9986 2.7503
1908 3.6696 0.9956 2.6740
1909 3.6180 0.9983 2.6197
1910 3.6266 0.9972 2.6293
1911 3.6396 0.9995 2.6400
1912 3.6557 0.9927 2.6630
1913 3.6365 1.0010 2.6355
1914 3.6175 0.9985 2.6190
1915 3.6461 0.9991 2.6470
1916 3.6865 1.0000 2.6865
1917 3.6137 1.0001 2.6137
1918 3.7118 1.0000 2.7118
1919 3.6362 0.9993 2.6370
1920 3.6676 0.9988 2.6688
1921 3.6209 0.9991 2.6218
1922 3.6314 0.9945 2.6369
1923 3.7336 1.0014 2.7322
1924 3.6783 1.0019 2.6765
1925 3.6821 1.0004 2.6817
1926 3.6297 0.9968 2.6329
1927 3.5989 0.9954 2.6035
1928 3.6640 1.0012 2.6627
1929 3.7078 1.0000 2.7078
1930 3.6628 0.9997 2.6631
1931 3.6724 0.9903 2.6822
1932 3.6448 1.0015 2.6433
1933 3.6914 1.0028 2.6886
1934 3.7834 1.0025 2.7809
1935 3.6816 1.0041 2.6775
1936 3.7063 0.9992 2.7072
1937 3.6517 1.0026 2.6490
1938 3.6336 0.9921 2.6415
1939 3.6469 0.9947 2.6522
1940 3.6918 1.0019 2.6899
1941 3.6789 1.0027 2.6762
1942 3.6429 1.0005 2.6424
1943 3.6977 1.0013 2.6964
1944 3.6681 1.0002 2.6680
1945 3.6840 0.9987 2.6854
1946 3.6446 0.9938 2.6508
1947 3.7620 1.0017 2.7603
1948 3.6849 0.9984 2.6865
1949 3.6799 0.9991 2.6807
1950 3.6783 0.9967 2.6816
1951 3.6875 1.0016 2.6860
1952 3.6174 0.9991 2.6182
1953 3.6362 0.9949 2.6413
1954 3.6721 0.9993 2.6728
1955 3.6225 1.0010 2.6215
1956 3.6821 1.0001 2.6820
1957 3.6605 1.0019 2.6586
1958 3.6099 0.9995 2.6105
1959 3.6473 0.9986 2.6487
1960 3.6506 1.0012 2.6494
1961 3.6619 0.9995 2.6623
1962 3.6720 0.9998 2.6722
1963 3.6140 0.9956 2.6184
1964 3.5701 1.0023 2.5679
1965 3.6936 0.9983 2.6953
1966 3.6346 0.9987 2.6359
1967 3.6542 0.9987 2.6556
1968 3.6897 1.0003 2.6895
1969 3.7363 1.0000 2.7363
1970 3.5674 0.9884 2.5791
1971 3.6701 1.0060 2.6641
1972 3.6312 1.0000 2.6312
1973 3.6920 1.0004 2.6917
1974 3.6901 1.0014 2.6887
1975 3.6455 0.9976 2.6479
1976 3.6952 1.0033 2.6919
1977 3.6581 0.9995 2.6586
1978 3.6397 0.9993 2.6405
1979 3.6761 0.9993 2.6768
1980 3.6115 0.9926 2.6188
1981 3.5614 0.9869 2.5745
1982 3.5784 1.0009 2.5775
1983 3.6280 1.0008 2.6272
1984 3.6078 1.0033 2.6045
1985 3.6105 0.9990 2.6115
1986 3.5668 0.9985 2.5683
1987 3.5564 0.9953 2.5611
1988 3.5410 0.9950 2.5460
1989 3.6397 1.0015 2.6381
1990 3.6275 1.0022 2.6253
1991 3.6075 1.0006 2.6069
1992 3.6319 0.9991 2.6328
1993 3.5992 1.0019 2.5973
1994 3.6754 1.0003 2.6751
1995 3.6538 1.0007 2.6532
1996 3.6248 1.0005 2.6243
1997 3.6717 1.0000 2.6717
1998 3.6133 0.9967 2.6166
1999 3.5781 0.9975 2.5805
2000 3.7559 1.0025 2.7534
2001 3.6608 0.9988 2.6620
2002 3.5954 0.9959 2.5995
2003 3.6644 1.0000 2.6645
2004 3.6687 1.0010 2.6677
2005 3.6558 1.0021 2.6537
2006 3.6570 0.9998 2.6572
2007 3.5474 0.9924 2.5550
2008 3.6280 1.0054 2.6226
2009 3.5775 0.9890 2.5885
2010 3.6659 0.9988 2.6670
2011 3.7052 0.9992 2.7060
2012 3.5989 1.0001 2.5987
2013 3.6393 0.9991 2.6402
2014 3.5919 0.9976 2.5942
2015 3.6182 1.0010 2.6172
2016 3.5461 0.9938 2.5523
2017 3.6501 0.9935 2.6565
2018 3.6193 0.9986 2.6207
2019 3.5466 0.9931 2.5535
2020 3.6165 1.0006 2.6159
2021 3.6509 0.9987 2.6522
2022 3.5883 0.9963 2.5920
2023 3.6504 0.9999 2.6505
2024 3.5820 0.9972 2.5848
2025 3.6308 0.9938 2.6370
2026 3.5783 0.9832 2.5951
2027 3.6014 1.0019 2.5995
2028 3.6302 0.9995 2.6307
2029 3.6289 1.0005 2.6284
2030 3.6517 0.9996 2.6521
2031 3.5893 0.9997 2.5896
2032 3.5998 0.9970 2.6028
2033 3.5972 0.9945 2.6027
2034 3.5250 0.9944 2.5306
2035 3.6356 1.0005 2.6351
2036 3.6204 1.0001 2.6203
2037 3.6115 1.0014 2.6101
2038 3.5854 0.9986 2.5868
2039 3.5687 0.9916 2.5771
2040 3.6126 0.9994 2.6132
2041 3.5181 0.9840 2.5341
2042 3.6831 0.9963 2.6867
2043 3.6322 0.9999 2.6323
2044 3.6824 1.0009 2.6815
2045 3.5092 0.9988 2.5104
2046 3.6178 0.9996 2.6182
2047 3.7132 1.0011 2.7121
2048 3.6281 0.9996 2.6286
2049 3.5855 0.9986 2.5869
2050 3.6197 0.9964 2.6233
2051 3.6540 1.0000 2.6540
2052 3.6197 0.9972 2.6225
2053 3.5704 0.9962 2.5742
2054 3.5311 0.9972 2.5339
2055 3.5924 1.0000 2.5925
2056 3.6000 0.9974 2.6027
2057 3.5870 0.9986 2.5884
2058 3.5139 0.9934 2.5205
2059 3.6533 1.0014 2.6519
2060 3.6407 0.9995 2.6412
2061 3.6143 0.9985 2.6158
2062 3.5573 0.9962 2.5610
2063 3.6076 1.0014 2.6061
2064 3.5947 0.9986 2.5961
2065 3.5783 0.9997 2.5785
2066 3.5158 0.9981 2.5177
2067 3.5257 0.9948 2.5309
2068 3.6075 1.0027 2.6048
2069 3.6483 1.0000 2.6483
2070 3.5914 1.0012 2.5901
2071 3.5769 0.9973 2.5797
2072 3.6736 1.0026 2.6711
2073 3.5195 0.9982 2.5213
2074 3.5690 0.9943 2.5748
2075 3.6455 0.9992 2.6463
2076 3.6693 0.9952 2.6741
2077 3.6714 0.9979 2.6736
2078 3.6028 1.0002 2.6026
2079 3.6034 0.9988 2.6045
2080 3.5988 0.9995 2.5993
2081 3.5028 0.9896 2.5131
2082 3.6491 1.0058 2.6434
2083 3.5381 0.9990 2.5392
2084 3.5635 0.9970 2.5666
2085 3.6603 0.9981 2.6622
2086 3.5568 0.9923 2.5645
2087 3.5514 0.9982 2.5532
2088 3.5632 0.9988 2.5644
2089 3.5560 0.9983 2.5576
2090 3.5238 1.0000 2.5238
2091 3.5994 0.9999 2.5995
2092 3.5411 0.9995 2.5416
2093 3.5323 0.9983 2.5339
2094 3.4249 1.0002 2.4248
2095 3.5896 0.9992 2.5905
2096 3.6940 0.9984 2.6956
2097 3.5961 1.0004 2.5957
2098 3.6101 1.0000 2.6101
2099 3.6123 1.0002 2.6122
2100 3.6022 0.9989 2.6033
2101 3.5571 0.9986 2.5586
2102 3.6039 1.0004 2.6035
2103 3.6323 0.9989 2.6334
2104 3.5816 0.9985 2.5831
2105 3.6047 1.0001 2.6046
2106 3.6327 0.9998 2.6329
2107 3.5442 0.9974 2.5468
2108 3.5354 1.0000 2.5355
2109 3.5928 0.9998 2.5930
2110 3.5406 0.9998 2.5408
2111 3.5673 0.9975 2.5698
2112 3.5438 0.9959 2.5479
2113 3.5691 0.9992 2.5699
2114 3.5894 1.0007 2.5887
2115 3.5273 1.0010 2.5263
2116 3.5957 1.0013 2.5944
2117 3.5608 0.9972 2.5636
2118 3.5544 1.0002 2.5541
2119 3.5869 1.0014 2.5855
2120 3.5465 0.9997 2.5468
2121 3.6783 0.9980 2.6803
2122 3.5859 1.0022 2.5837
2123 3.5179 0.9976 2.5203
2124 3.4959 1.0002 2.4957
2125 3.6119 1.0010 2.6108
2126 3.5738 0.9994 2.5744
2127 3.5456 1.0000 2.5456
2128 3.6832 1.0000 2.6832
2129 3.4723 0.9955 2.4768
2130 3.5441 1.0023 2.5418
2131 3.5238 0.9988 2.5249
2132 3.4930 0.9974 2.4956
2133 3.6273 0.9968 2.6305
2134 3.5594 0.9956 2.5638
2135 3.5758 0.9976 2.5783
2136 3.6068 1.0007 2.6062
2137 3.5476 0.9998 2.5478
2138 3.5240 0.9976 2.5263
2139 3.5982 1.0012 2.5970
2140 3.5764 1.0000 2.5763
2141 3.5486 1.0001 2.5485
2142 3.6260 0.9940 2.6320
2143 3.6157 1.0016 2.6141
2144 3.6740 1.0010 2.6730
2145 3.6575 1.0002 2.6573
2146 3.5971 0.9997 2.5974
2147 3.4620 0.9985 2.4635
2148 3.5697 1.0006 2.5690
2149 3.6178 0.9997 2.6182
2150 3.5376 0.9969 2.5407
2151 3.5657 0.9986 2.5671
2152 3.5380 0.9991 2.5389
2153 3.6056 0.9999 2.6057
2154 3.4861 0.9964 2.4897
2155 3.5666 1.0012 2.5654
2156 3.5438 0.9994 2.5445
2157 3.5621 0.9981 2.5640
2158 3.4855 0.9939 2.4915
2159 3.5696 0.9989 2.5707
2160 3.6179 0.9987 2.6192
2161 3.5162 0.9988 2.5174
2162 3.5736 0.9998 2.5738
2163 3.6178 0.9995 2.6183
2164 3.5265 1.0001 2.5264
2165 3.5468 1.0000 2.5468
2166 3.5225 0.9940 2.5286
2167 3.5726 1.0050 2.5676
2168 3.5334 0.9977 2.5356
2169 3.5225 1.0000 2.5225
2170 3.5555 1.0002 2.5553
2171 3.5369 0.9969 2.5399
2172 3.5470 1.0030 2.5440
2173 3.5294 1.0005 2.5289
2174 3.5733 0.9998 2.5735
2175 3.5672 1.0016 2.5656
2176 3.5250 1.0001 2.5249
2177 3.5111 0.9974 2.5136
2178 3.6050 1.0022 2.6027
2179 3.5324 1.0004 2.5320
2180 3.5094 0.9977 2.5117
2181 3.6516 1.0020 2.6496
2182 3.5158 0.9972 2.5186
2183 3.6003 0.9998 2.6005
2184 3.5033 0.9951 2.5082
2185 3.6156 1.0018 2.6138
2186 3.5478 0.9989 2.5489
2187 3.5067 0.9967 2.5101
2188 3.5257 1.0011 2.5246
2189 3.5619 0.9998 2.5621
2190 3.5311 0.9995 2.5315
2191 3.5554 1.0009 2.5545
2192 3.5763 0.9974 2.5789
2193 3.6505 1.0014 2.6491
2194 3.6106 1.0007 2.6099
2195 3.5847 1.0005 2.5842
2196 3.5254 0.9928 2.5326
2197 3.5206 1.0027 2.5179
2198 3.5107 1.0002 2.5105
2199 3.5494 0.9993 2.5501
2200 3.5451 1.0003 2.5448
2201 3.4166 0.9967 2.4199
2202 3.5757 1.0029 2.5728
2203 3.5387 0.9995 2.5393
2204 3.5776 0.9988 2.5788
2205 3.4819 0.9995 2.4823
2206 3.5535 0.9998 2.5537
2207 3.5865 0.9999 2.5866
2208 3.5354 1.0000 2.5354
2209 3.5297 0.9988 2.5310
2210 3.4825 1.0001 2.4824
2211 3.5538 1.0000 2.5537
2212 3.5172 0.9992 2.5180
2213 3.5125 0.9975 2.5151
2214 3.4936 0.9971 2.4965
2215 3.5034 0.9960 2.5074
2216 3.5791 0.9974 2.5817
2217 3.5170 0.9993 2.5177
2218 3.5341 1.0001 2.5340
2219 3.4934 0.9968 2.4966
2220 3.4504 0.9840 2.4665
2221 3.5075 1.0052 2.5023
2222 3.5244 1.0011 2.5233
2223 3.4739 1.0014 2.4726
2224 3.4814 1.0008 2.4806
2225 3.5362 1.0000 2.5362
2226 3.4135 0.9951 2.4183
2227 3.5288 1.0016 2.5271
2228 3.5020 0.9945 2.5075
2229 3.4950 0.9985 2.4965
2230 3.5526 0.9999 2.5527
2231 3.5166 0.9963 2.5202
2232 3.5360 0.9972 2.5388
2233 3.4563 0.9951 2.4612
2234 3.4976 0.9978 2.4999
2235 3.4935 1.0002 2.4934
2236 3.5948 1.0000 2.5948
2237 3.5439 0.9996 2.5443
2238 3.4956 1.0000 2.4957
2239 3.5600 0.9990 2.5609
2240 3.5520 1.0002 2.5517
2241 3.4977 0.9972 2.5006
2242 3.5741 1.0006 2.5736
2243 3.5158 0.9993 2.5166
2244 3.5187 1.0000 2.5187
2245 3.4588 0.9996 2.4592
2246 3.5462 0.9966 2.5496
2247 3.4587 1.0009 2.4578
2248 3.4930 0.9916 2.5014
2249 3.4880 1.0023 2.4857
2250 3.5207 0.9987 2.5220
2251 3.4857 0.9999 2.4858
2252 3.4191 0.9935 2.4256
2253 3.4787 0.9957 2.4830
2254 3.4712 0.9993 2.4719
2255 3.5055 1.0005 2.5050
2256 3.5309 1.0020 2.5288
2257 3.5622 0.9997 2.5625
2258 3.4825 0.9956 2.4869
2259 3.4547 0.9966 2.4581
2260 3.4558 0.9910 2.4648
2261 3.5434 1.0028 2.5407
2262 3.4893 1.0027 2.4867
2263 3.4462 0.9965 2.4497
2264 3.4607 1.0006 2.4601
2265 3.4811 0.9946 2.4866
2266 3.5000 1.0004 2.4996
2267 3.5615 0.9997 2.5618
2268 3.4231 0.9995 2.4236
2269 3.4713 0.9989 2.4724
2270 3.4961 1.0003 2.4957
2271 3.5299 1.0002 2.5298
2272 3.4751 1.0000 2.4751
2273 3.5902 1.0000 2.5902
2274 3.5426 0.9999 2.5427
2275 3.4797 0.9982 2.4815
2276 3.4548 0.9945 2.4603
2277 3.4923 1.0039 2.4884
2278 3.4528 0.9969 2.4559
2279 3.4906 0.9986 2.4920
2280 3.5191 0.9942 2.5249
2281 3.5182 0.9979 2.5203
2282 3.5235 1.0006 2.5230
2283 3.4715 0.9956 2.4759
2284 3.4884 0.9954 2.4930
2285 3.5300 0.9983 2.5317
2286 3.4759 0.9956 2.4803
2287 3.4203 0.9930 2.4273
2288 3.5063 1.0020 2.5042
2289 3.4860 1.0003 2.4857
2290 3.4617 1.0022 2.4596
2291 3.5317 0.9988 2.5329
2292 3.4563 0.9995 2.4568
2293 3.4241 0.9937 2.4304
2294 3.4031 0.9901 2.4130
2295 3.5264 1.0012 2.5252
2296 3.4954 0.9979 2.4974
2297 3.4802 0.9956 2.4846
2298 3.5423 1.0020 2.5403
2299 3.5076 0.9980 2.5096
2300 3.4393 1.0041 2.4352
2301 3.4506 0.9949 2.4557
2302 3.5272 1.0076 2.5196
2303 3.4589 1.0003 2.4586
2304 3.4914 1.0015 2.4900
2305 3.4546 0.9998 2.4548
2306 3.4906 0.9998 2.4907
2307 3.6073 0.9999 2.6074
2308 3.5203 1.0000 2.5203
2309 3.4215 1.0008 2.4208
2310 3.5350 0.9988 2.5362
2311 3.4687 0.9945 2.4742
2312 3.5080 1.0027 2.5053
2313 3.4688 1.0002 2.4686
2314 3.4527 0.9949 2.4578
2315 3.4419 0.9953 2.4466
2316 3.4125 1.0001 2.4124
2317 3.4966 0.9991 2.4974
2318 3.5235 1.0000 2.5235
2319 3.5402 1.0006 2.5396
2320 3.5284 1.0001 2.5283
2321 3.4033 0.9983 2.4049
2322 3.4880 0.9965 2.4915
2323 3.4420 1.0011 2.4409
2324 3.4784 0.9874 2.4910
2325 3.4967 0.9984 2.4983
2326 3.5087 1.0009 2.5078
2327 3.5042 0.9990 2.5052
2328 3.5602 1.0001 2.5600
2329 3.5337 0.9994 2.5344
2330 3.4150 1.0008 2.4141
2331 3.5004 1.0003 2.5001
2332 3.4854 1.0001 2.4853
2333 3.4657 0.9988 2.4669
2334 3.4427 0.9989 2.4438
2335 3.4884 1.0004 2.4880
2336 3.4594 0.9999 2.4596
2337 3.4181 0.9987 2.4194
2338 3.5487 1.0006 2.5481
2339 3.4823 0.9989 2.4834
2340 3.4681 1.0004 2.4677
2341 3.4729 0.9978 2.4751
2342 3.4368 0.9970 2.4398
2343 3.4013 0.9930 2.4083
2344 3.4584 1.0031 2.4553
2345 3.4367 1.0001 2.4366
2346 3.4768 1.0023 2.4745
2347 3.4048 0.9985 2.4063
2348 3.5026 1.0024 2.5002
2349 3.4115 1.0000 2.4115
2350 3.4950 1.0002 2.4949
2351 3.3782 0.9969 2.3813
2352 3.4049 0.9885 2.4165
2353 3.4746 1.0048 2.4698
2354 3.4450 0.9976 2.4474
2355 3.4259 1.0000 2.4259
2356 3.5005 1.0013 2.4992
2357 3.4555 1.0005 2.4550
2358 3.4491 1.0001 2.4490
2359 3.4003 0.9989 2.4014
2360 3.4633 0.9986 2.4647
2361 3.4194 0.9989 2.4206
2362 3.4347 0.9965 2.4382
2363 3.4488 1.0008 2.4479
2364 3.3973 1.0008 2.3965
2365 3.3588 0.9946 2.3642
2366 3.3814 0.9951 2.3863
2367 3.4150 0.9981 2.4169
2368 3.4174 0.9971 2.4203
2369 3.4036 0.9987 2.4050
2370 3.3509 0.9995 2.3515
2371 3.4537 0.9988 2.4549
2372 3.4255 1.0006 2.4249
2373 3.3915 0.9920 2.3995
2374 3.4346 1.0021 2.4325
2375 3.4494 1.0007 2.4488
2376 3.3827 0.9974 2.3853
2377 3.4622 0.9998 2.4624
2378 3.4081 1.0000 2.4082
2379 3.4301 0.9999 2.4301
2380 3.4008 0.9991 2.4017
2381 3.4374 0.9951 2.4423
2382 3.4222 0.9993 2.4228
2383 3.4191 1.0007 2.4184
2384 3.4351 1.0002 2.4349
2385 3.4094 1.0001 2.4093
2386 3.5063 1.0008 2.5055
2387 3.3759 1.0003 2.3756
2388 3.3760 0.9973 2.3787
2389 3.3668 0.9984 2.3685
2390 3.4207 1.0018 2.4189
2391 3.4151 0.9998 2.4152
2392 3.3694 0.9974 2.3720
2393 3.4291 0.9996 2.4295
2394 3.4024 0.9936 2.4088
2395 3.4314 0.9980 2.4334
2396 3.3885 0.9995 2.3890
2397 3.4276 0.9995 2.4281
2398 3.3925 0.9998 2.3927
2399 3.4816 1.0004 2.4812
2400 3.3762 0.9988 2.3775
2401 3.4227 0.9948 2.4279
2402 3.3782 0.9952 2.3830
