40 5.8971 1.7248 4.1724
50 5.9825 1.8405 4.1420
60 5.6965 1.5790 4.1175
70 5.6433 1.5589 4.0844
80 5.2335 1.1756 4.0578
90 5.0874 1.0327 4.0547
100 5.1714 1.1125 4.0589
110 5.1839 1.1506 4.0333
120 5.1542 1.1501 4.0041
130 5.0380 1.0655 3.9725
140 4.8829 0.9410 3.9418
150 4.7718 0.8777 3.8941
160 4.6873 0.8499 3.8375
170 4.5638 0.8077 3.7561
180 4.4329 0.7381 3.6947
190 4.3911 0.6506 3.7405
200 4.4739 0.7880 3.6859
210 4.2725 0.6666 3.6059
220 4.1506 0.5535 3.5971
230 4.0809 0.5247 3.5562
240 4.0465 0.5218 3.5247
250 4.0157 0.4965 3.5192
260 3.9832 0.4743 3.5089
270 3.8863 0.3808 3.5055
310 4.4572 0.8375 3.6197
320 3.9368 0.5097 3.4271
330 3.7231 0.4802 3.2429
340 3.5240 0.4260 3.0980
350 3.4744 0.4363 3.0381
360 3.3152 0.4275 2.8877
370 3.2711 0.4621 2.8089
380 3.1569 0.4232 2.7337
390 3.1084 0.4300 2.6784
400 3.0268 0.4110 2.6158
410 2.9523 0.4025 2.5498
420 2.9081 0.3873 2.5208
430 2.9068 0.3928 2.5140
440 2.8358 0.3600 2.4757
450 2.8500 0.3421 2.5079
460 2.8145 0.3349 2.4796
470 2.7722 0.2977 2.4745
480 2.7661 0.3048 2.4613
490 2.8330 0.3219 2.5111
500 2.8553 0.3632 2.4921
510 2.9185 0.3945 2.5240
520 2.8701 0.3799 2.4902
530 2.9098 0.4312 2.4786
540 2.9829 0.4923 2.4907
550 2.9617 0.4676 2.4941
560 2.9854 0.4784 2.5070
570 2.9509 0.4421 2.5088
580 2.9505 0.4622 2.4883
590 2.9182 0.4543 2.4639
600 2.9237 0.4776 2.4461
610 2.8690 0.4847 2.3843
620 2.8842 0.4735 2.4107
630 2.9696 0.5881 2.3816
640 2.9396 0.5589 2.3806
650 2.9779 0.5682 2.4097
660 3.0030 0.5837 2.4194
670 2.9821 0.5880 2.3941
680 3.0091 0.6018 2.4073
690 3.0040 0.6319 2.3721
700 2.9832 0.6332 2.3501
710 2.9565 0.6449 2.3116
720 2.9698 0.6578 2.3119
730 2.9748 0.6878 2.2870
740 2.9322 0.6689 2.2633
750 2.9203 0.6698 2.2504
760 2.9751 0.7242 2.2509
770 2.9607 0.7308 2.2300
780 2.9984 0.7417 2.2567
790 3.0389 0.7662 2.2728
800 3.0883 0.8235 2.2648
810 3.0792 0.7233 2.3560
820 2.9704 0.5794 2.3910
830 2.9223 0.5775 2.3448
840 2.9128 0.5466 2.3662
850 2.8510 0.5071 2.3438
860 2.8931 0.5075 2.3857
870 2.9074 0.5215 2.3859
880 2.8875 0.5293 2.3582
890 2.8672 0.5232 2.3439
900 2.8871 0.5386 2.3484
910 2.8467 0.5349 2.3118
920 2.8100 0.5101 2.2999
930 2.9084 0.5462 2.3622
940 2.8571 0.5347 2.3225
950 2.8105 0.5254 2.2851
960 2.8415 0.5406 2.3009
970 2.9447 0.5672 2.3774
980 2.9095 0.5742 2.3354
990 2.8241 0.5514 2.2727
1000 2.8147 0.5565 2.2581
1010 2.7582 0.5346 2.2236
1020 2.7806 0.5512 2.2295
1030 2.7495 0.5470 2.2024
1040 2.6936 0.5246 2.1690
1050 2.7134 0.5444 2.1689
1060 2.7966 0.5973 2.1993
1070 2.8134 0.5965 2.2169
1080 2.7407 0.5614 2.1793
1090 2.7053 0.5094 2.1960
1100 2.5872 0.4956 2.0916
1110 2.5430 0.4863 2.0567
1120 2.5260 0.4780 2.0481
1130 2.4782 0.4528 2.0254
1140 2.4877 0.4564 2.0313
1150 2.5785 0.5097 2.0689
1160 2.4804 0.4786 2.0018
1170 2.4958 0.4784 2.0174
1180 2.4991 0.4776 2.0215
1190 2.5353 0.4886 2.0467
1200 2.5026 0.4777 2.0249
1210 2.4731 0.4739 1.9992
1220 2.5100 0.4873 2.0227
1230 2.4097 0.4605 1.9493
1240 2.5197 0.5112 2.0085
1250 2.4562 0.4754 1.9808
1260 2.4894 0.5174 1.9720
1270 2.4465 0.4871 1.9594
1280 2.3823 0.4637 1.9186
1290 2.4744 0.4871 1.9873
1300 2.4020 0.4897 1.9123
1310 2.7076 0.6033 2.1043
1320 2.6847 0.6184 2.0663
1330 2.6053 0.5547 2.0507
1340 2.6433 0.5766 2.0667
1350 2.6164 0.5557 2.0607
1360 2.7003 0.6001 2.1002
1370 2.6343 0.5647 2.0696
1380 2.6581 0.5664 2.0916
1390 2.5774 0.5589 2.0185
1400 2.4971 0.5108 1.9863
1410 2.4867 0.4966 1.9901
1420 2.4655 0.4796 1.9859
1430 2.4578 0.4860 1.9718
1440 2.5419 0.5210 2.0209
1450 2.5198 0.5145 2.0053
1460 2.4706 0.4982 1.9724
1470 2.5419 0.5208 2.0211
1480 2.4724 0.5053 1.9671
1490 2.5066 0.5148 1.9918
1500 2.5783 0.5468 2.0314
1510 2.6314 0.5875 2.0439
1520 2.6764 0.6101 2.0662
1530 2.7767 0.6649 2.1118
1540 2.6431 0.5996 2.0435
1550 2.6457 0.6007 2.0451
1560 2.5994 0.5959 2.0035
1570 2.5698 0.5788 1.9910
1580 2.4655 0.5593 1.9063
1590 2.4732 0.5650 1.9082
1600 2.3807 0.5242 1.8565
1610 2.4088 0.5133 1.8956
1620 2.4551 0.5209 1.9342
1630 2.5257 0.5627 1.9631
1640 2.4850 0.5366 1.9484
1650 2.5600 0.5643 1.9957
1660 2.6469 0.5960 2.0509
1670 2.6615 0.6064 2.0551
1680 2.6700 0.6103 2.0597
1690 2.6878 0.6398 2.0480
1700 2.6930 0.6441 2.0489
1710 2.5870 0.5869 2.0001
1720 2.5022 0.5526 1.9495
1730 2.7196 0.6299 2.0896
1740 2.8244 0.6717 2.1527
1750 2.8596 0.7006 2.1590
1760 2.8409 0.6905 2.1504
1770 2.8989 0.7160 2.1829
1780 2.8298 0.6916 2.1382
1790 2.8980 0.7271 2.1709
1800 2.9196 0.7479 2.1716
1810 3.0624 0.7976 2.2647
1820 3.1711 0.8445 2.3266
1830 3.3046 0.9129 2.3917
1840 3.3450 0.9506 2.3944
1850 3.4139 1.0098 2.4041
1860 3.4310 1.0009 2.4301
1870 3.5396 1.0926 2.4469
1880 3.4749 1.0438 2.4311
1890 3.2721 0.9494 2.3227
1900 3.3071 0.9596 2.3476
1910 3.3894 0.9646 2.4248
1970 2.9408 0.7217 2.2190
1980 2.4360 0.6035 1.8326
1990 2.2274 0.5307 1.6967
2000 2.0880 0.4666 1.6214
2010 2.0866 0.5174 1.5692
2020 2.1039 0.5113 1.5926
2030 2.0787 0.4974 1.5813
2040 1.9967 0.4274 1.5693
2050 1.9774 0.4270 1.5505
2060 1.9946 0.4295 1.5650
2070 1.9528 0.3943 1.5585
2080 1.9567 0.3700 1.5868
2090 1.9615 0.3619 1.5995
2100 1.9668 0.3771 1.5898
2110 2.0012 0.3809 1.6203
2120 2.0418 0.3914 1.6505
2130 2.0543 0.3717 1.6826
2140 2.0753 0.3937 1.6816
2150 2.1154 0.4222 1.6932
2160 2.1881 0.4172 1.7709
2170 2.2134 0.4601 1.7534
2180 2.3623 0.5097 1.8525
2190 2.4161 0.5244 1.8917
2200 2.4156 0.5540 1.8616
2210 2.3860 0.5276 1.8584
2220 2.3339 0.5211 1.8128
2230 2.3140 0.5113 1.8028
2240 2.3950 0.5398 1.8552
2250 2.5470 0.5656 1.9815
2260 2.3825 0.5411 1.8415
2270 2.4557 0.5641 1.8915
2280 2.4334 0.5600 1.8734
2290 2.2110 0.4832 1.7278
2300 2.2836 0.5151 1.7686
2310 2.3709 0.5477 1.8232
2320 2.4825 0.5892 1.8933
2330 2.5149 0.6184 1.8965
2340 2.4854 0.6106 1.8748
2350 2.5072 0.6636 1.8437
2360 2.3799 0.5678 1.8120
2370 2.2710 0.5368 1.7342
2380 2.3155 0.5580 1.7575
2390 2.2716 0.5219 1.7497
2400 2.2240 0.5087 1.7153
2410 2.3225 0.5418 1.7806
2420 2.3311 0.5592 1.7720
2430 2.2789 0.5178 1.7612
2440 2.3956 0.5301 1.8655
2450 2.2819 0.4971 1.7848
2460 2.3266 0.5758 1.7508
2470 2.4125 0.5997 1.8128
2480 2.5126 0.6081 1.9045
2490 2.4683 0.6286 1.8398
2500 2.4226 0.6193 1.8033
2510 2.3995 0.6207 1.7788
2520 2.4213 0.5900 1.8313
2530 2.2765 0.5121 1.7644
2540 2.2483 0.4923 1.7561
2550 2.3151 0.5024 1.8126
2560 2.3860 0.5464 1.8396
2570 2.2904 0.4924 1.7980
2580 2.3259 0.4919 1.8340
2590 2.3991 0.5360 1.8632
2600 2.2933 0.4935 1.7998
2610 2.3521 0.4946 1.8575
2620 2.2858 0.4775 1.8083
2630 2.1512 0.4541 1.6970
2640 2.2709 0.5191 1.7518
2650 2.3630 0.5267 1.8363
2660 2.3902 0.5296 1.8606
2670 2.3406 0.5405 1.8001
2680 2.3308 0.5454 1.7854
2690 2.3299 0.5457 1.7842
2700 2.3465 0.5599 1.7866
2710 2.3697 0.5917 1.7780
2720 2.3688 0.5604 1.8084
2730 2.2930 0.5091 1.7840
2740 2.2791 0.5148 1.7643
2750 2.3222 0.5361 1.7860
2760 2.3785 0.5924 1.7861
2770 2.3869 0.5784 1.8085
2780 2.3574 0.5463 1.8110
2790 2.3767 0.5729 1.8038
2800 2.3463 0.5341 1.8123
2810 2.3859 0.5632 1.8227
2820 2.5375 0.6253 1.9122
2830 2.5220 0.5858 1.9361
2840 2.6377 0.6222 2.0155
2850 2.7895 0.7093 2.0802
2860 2.8390 0.7414 2.0976
2870 2.7588 0.6789 2.0799
2880 2.8060 0.7072 2.0988
2890 2.9156 0.7560 2.1596
2900 3.0918 0.7937 2.2982
2910 3.4016 0.8963 2.5053
2920 3.2014 0.8045 2.3969
2930 3.3813 0.9672 2.4141
2940 3.5582 1.0983 2.4599
2950 3.2563 0.9483 2.3081
2960 3.3369 0.9823 2.3546
2970 3.3475 0.9890 2.3584
2980 3.3309 0.9978 2.3330
2990 3.2724 0.9882 2.2842
3000 3.2591 1.0358 2.2234
3010 3.3563 1.0711 2.2852
3020 3.0918 0.8737 2.2182
3030 3.0140 0.8176 2.1964
3040 2.9825 0.7891 2.1934
3050 2.8512 0.7403 2.1109
3060 2.8673 0.7728 2.0945
3070 2.8595 0.7787 2.0808
3080 2.6972 0.6814 2.0158
3090 2.7197 0.6945 2.0251
3100 2.6251 0.6625 1.9625
3110 2.7192 0.7036 2.0157
3120 2.5316 0.5725 1.9591
3130 2.6651 0.6210 2.0441
3140 2.6612 0.6237 2.0375
3150 2.7828 0.6748 2.1080
3160 2.7007 0.6796 2.0211
3170 2.7900 0.7256 2.0644
3180 2.7129 0.7252 1.9877
3190 2.7409 0.6983 2.0427
3200 2.8246 0.7206 2.1039
3210 2.7539 0.7161 2.0378
3220 2.7785 0.7142 2.0643
3230 2.7318 0.6736 2.0582
3240 2.6670 0.6319 2.0352
3250 2.6740 0.6446 2.0294
3260 2.9240 0.6941 2.2299
3270 2.9232 0.7089 2.2143
3280 2.7980 0.6611 2.1369
3290 2.9333 0.7185 2.2147
3300 2.9968 0.6836 2.3132
3310 3.0070 0.7138 2.2933
3320 2.9575 0.6691 2.2884
3330 3.0113 0.6647 2.3466
3340 2.9426 0.6883 2.2543
3350 2.8222 0.6571 2.1651
3360 2.9262 0.7011 2.2251
3370 2.9693 0.7376 2.2317
3380 2.7947 0.6765 2.1182
3390 2.8740 0.7245 2.1495
3400 2.9115 0.7635 2.1480
3410 2.7820 0.7434 2.0386
3420 2.7686 0.7395 2.0291
3430 2.8617 0.7687 2.0930
3440 2.9721 0.7997 2.1724
3450 3.0325 0.8072 2.2253
3460 3.0677 0.7985 2.2692
3470 2.9771 0.7524 2.2247
3480 3.0709 0.7929 2.2780
3490 3.0826 0.8308 2.2518
3500 2.9604 0.7404 2.2200
3510 3.0478 0.7933 2.2545
3520 3.0350 0.7782 2.2567
3530 3.3952 0.8171 2.5781
3540 3.5589 0.8123 2.7466
3550 3.2803 0.7162 2.5640
3560 3.3384 0.8059 2.5326
3570 3.2015 0.7835 2.4180
3580 3.0751 0.7116 2.3635
3590 3.1238 0.6821 2.4418
3600 3.2178 0.7263 2.4915
3610 3.0351 0.7240 2.3111
3620 2.8994 0.6739 2.2255
3630 3.0563 0.7511 2.3052
3640 2.9816 0.7364 2.2451
3650 3.0203 0.7589 2.2614
3660 3.0715 0.7858 2.2857
3670 3.0072 0.8006 2.2066
3680 2.9480 0.7561 2.1919
3690 3.2524 0.8817 2.3707
3700 3.0578 0.8175 2.2403
3710 3.0016 0.8187 2.1829
3720 3.1142 0.8568 2.2574
3730 2.8057 0.7241 2.0816
3740 2.9036 0.7432 2.1604
3750 2.7627 0.6580 2.1047
3760 3.0941 0.7821 2.3120
3770 2.9659 0.8108 2.1551
3780 2.9746 0.8444 2.1302
3790 3.0516 0.8618 2.1898
3800 3.0806 0.8601 2.2205
3810 3.0217 0.8155 2.2061
3820 3.0503 0.8139 2.2364
3830 2.9780 0.7829 2.1951
3840 2.9206 0.7587 2.1619
3850 2.8599 0.7457 2.1141
3860 2.9931 0.7763 2.2168
3870 3.2231 0.7707 2.4524
3880 3.1531 0.7700 2.3831
3890 3.1256 0.7986 2.3270
3900 3.3674 0.8211 2.5463
3910 3.5176 0.9006 2.6170
3920 3.3453 0.8197 2.5256
3930 3.2829 0.7868 2.4961
3940 3.0730 0.7875 2.2855
3950 3.3390 0.8365 2.5025
3960 3.5642 0.8586 2.7055
3970 3.6636 0.7883 2.8753
3980 3.9350 0.8000 3.1349
3990 3.6923 0.7733 2.9190
4000 3.8881 0.8266 3.0615
4010 3.8225 0.8552 2.9673
4020 3.6533 0.8606 2.7926
4030 3.7673 0.8795 2.8878
4040 3.6769 0.9029 2.7741
4050 3.6143 0.8940 2.7203
4060 3.5338 0.8756 2.6582
4070 3.4776 0.8599 2.6178
4080 3.5487 0.8059 2.7428
4090 3.6196 0.8004 2.8192
4100 3.6703 0.8704 2.7999
4110 3.7936 0.8792 2.9144
4120 3.6432 0.8552 2.7881
4130 3.4817 0.8225 2.6592
4140 3.5796 0.8133 2.7664
4150 3.3515 0.7782 2.5733
4160 3.2106 0.7262 2.4844
4170 3.1633 0.7284 2.4349
4180 3.0263 0.6529 2.3735
4190 2.9859 0.6816 2.3043
4200 2.8627 0.6453 2.2174
4210 2.9810 0.7117 2.2694
4220 3.0278 0.6958 2.3320
4230 2.9118 0.6566 2.2553
4240 3.1405 0.7347 2.4058
4250 3.0517 0.6920 2.3597
4260 2.8747 0.6315 2.2432
4270 2.8136 0.6327 2.1809
4280 2.7206 0.5989 2.1218
4290 2.7627 0.5962 2.1665
4300 2.7020 0.5907 2.1113
4310 2.7973 0.5943 2.2030
4320 2.9194 0.6468 2.2726
4330 2.8356 0.6024 2.2331
4340 2.7528 0.5827 2.1701
4350 2.7769 0.5774 2.1995
4360 2.7223 0.6005 2.1218
4370 2.8973 0.6296 2.2677
4380 2.8536 0.6147 2.2389
4390 2.7620 0.5704 2.1916
4400 3.1208 0.6104 2.5104
4410 3.0965 0.6379 2.4585
4420 3.1874 0.6637 2.5237
4430 3.0891 0.6716 2.4175
4440 3.0311 0.6672 2.3639
4450 2.9450 0.6798 2.2652
4460 3.0554 0.7665 2.2889
4470 3.0139 0.7555 2.2584
4480 3.0200 0.7371 2.2829
4490 3.0139 0.7632 2.2506
4500 2.9253 0.6827 2.2427
4510 2.9889 0.7029 2.2860
4520 3.1277 0.7652 2.3626
4530 3.0901 0.7467 2.3434
4540 3.2144 0.7636 2.4508
4550 3.0532 0.7584 2.2948
4560 2.8587 0.7034 2.1553
4570 2.8958 0.6879 2.2079
4580 2.8500 0.7262 2.1238
4590 2.9633 0.7717 2.1916
4600 2.9601 0.7598 2.2003
4610 3.0952 0.8016 2.2936
4620 3.1053 0.8047 2.3005
4630 3.0797 0.7941 2.2856
