4 6.4226 1.0067 5.4159
5 6.4116 0.9960 5.4155
6 7.4132 1.9980 5.4151
7 7.4202 2.0059 5.4143
8 6.6403 1.2275 5.4128
9 6.3272 0.9173 5.4099
10 6.5127 1.1079 5.4048
11 6.4127 1.0176 5.3951
12 6.4093 1.0224 5.3869
13 6.4631 1.0789 5.3843
14 6.6266 1.2438 5.3828
15 6.7399 1.3592 5.3807
16 6.8438 1.4685 5.3753
17 7.0422 1.6817 5.3605
18 6.9105 1.5619 5.3486
19 6.9473 1.6071 5.3402
20 6.9571 1.6327 5.3244
21 7.0652 1.7362 5.3290
22 7.0074 1.6923 5.3151
23 7.0120 1.7091 5.3028
24 7.0360 1.7470 5.2891
25 7.0296 1.7337 5.2959
26 7.0286 1.7381 5.2905
27 7.0396 1.7628 5.2768
28 7.1022 1.8356 5.2666
29 7.1359 1.8629 5.2730
30 7.1147 1.8540 5.2607
31 7.1309 1.8685 5.2624
32 7.0479 1.7963 5.2517
33 6.9912 1.7468 5.2444
34 7.0490 1.7895 5.2595
35 7.0741 1.8205 5.2535
36 7.0022 1.7734 5.2289
37 6.9960 1.7563 5.2397
38 7.0855 1.8452 5.2404
39 7.0244 1.7908 5.2335
40 7.0244 1.8041 5.2203
41 7.0927 1.8576 5.2351
42 7.0746 1.8466 5.2281
43 7.0845 1.8578 5.2267
44 7.1060 1.8808 5.2252
45 7.0543 1.8328 5.2215
46 7.1169 1.8925 5.2244
47 7.1761 1.9573 5.2188
48 7.1434 1.9133 5.2302
49 7.0844 1.8785 5.2059
50 7.2489 2.0166 5.2323
51 7.1046 1.8963 5.2082
52 7.1536 1.9317 5.2219
53 7.1715 1.9495 5.2220
54 7.1255 1.9109 5.2146
55 7.1318 1.9207 5.2111
56 7.1183 1.9049 5.2134
57 7.1066 1.9026 5.2040
58 7.1244 1.9113 5.2131
59 7.1203 1.9065 5.2138
60 7.0556 1.8577 5.1979
61 7.0397 1.8472 5.1926
62 7.0742 1.8789 5.1952
63 7.1294 1.9048 5.2246
64 7.0385 1.8456 5.1929
65 7.1358 1.9174 5.2183
66 7.0481 1.8513 5.1968
67 7.0967 1.8957 5.2010
68 7.0812 1.8898 5.1914
69 7.0479 1.8443 5.2036
70 7.0896 1.8845 5.2050
71 7.1351 1.9276 5.2074
72 7.1617 1.9460 5.2157
73 7.1377 1.9280 5.2097
74 7.0654 1.8612 5.2042
75 7.0932 1.8949 5.1982
76 7.1137 1.9119 5.2019
77 7.0603 1.8601 5.2001
78 7.0558 1.8502 5.2056
79 7.1191 1.9143 5.2047
80 7.0798 1.8865 5.1932
81 7.0396 1.8453 5.1943
82 7.0699 1.8609 5.2090
83 6.9687 1.7859 5.1827
84 7.0390 1.8445 5.1945
85 7.0632 1.8743 5.1889
86 7.0201 1.8292 5.1909
87 7.0352 1.8515 5.1838
88 6.9953 1.8133 5.1820
89 6.9954 1.8022 5.1932
90 7.0598 1.8707 5.1891
91 7.0110 1.8187 5.1923
92 7.0630 1.8786 5.1844
93 7.0058 1.8249 5.1809
94 7.0753 1.8835 5.1918
95 7.0482 1.8537 5.1945
96 7.0544 1.8650 5.1894
97 7.1011 1.9333 5.1679
98 6.9789 1.8817 5.0973
99 6.9273 1.8549 5.0724
100 7.0064 1.9336 5.0728
101 6.9190 1.8765 5.0425
102 6.8450 1.8328 5.0122
103 6.9132 1.9026 5.0105
104 6.9224 1.9134 5.0090
105 6.9157 1.9198 4.9959
106 6.8244 1.8379 4.9865
107 6.8336 1.8615 4.9721
108 6.8400 1.8693 4.9707
109 6.8769 1.9096 4.9673
110 6.9301 1.9029 5.0272
111 6.8987 1.8599 5.0388
112 6.9598 1.8721 5.0877
113 7.0832 1.8795 5.2037
114 7.2269 1.8991 5.3278
115 7.2313 1.8627 5.3686
116 7.2652 1.9176 5.3477
117 7.1993 1.9034 5.2960
118 7.2718 1.8742 5.3976
119 7.0252 1.8549 5.1703
120 7.0834 1.8840 5.1994
121 7.0107 1.8885 5.1222
122 7.0637 1.8853 5.1784
123 7.0454 1.8853 5.1601
124 7.1075 1.8828 5.2248
125 7.2308 1.9131 5.3177
126 7.1162 1.8747 5.2415
127 7.0520 1.9050 5.1469
128 7.1482 1.8703 5.2779
129 7.1691 1.8856 5.2835
130 6.9688 1.8252 5.1436
131 6.8555 1.8746 4.9809
132 6.8197 1.8200 4.9997
133 6.7605 1.8549 4.9056
134 6.7056 1.8290 4.8766
135 6.7731 1.8915 4.8816
136 6.6915 1.8018 4.8897
137 6.7640 1.8927 4.8712
138 6.8278 1.9739 4.8539
139 6.7165 1.9130 4.8036
140 6.5933 1.7425 4.8508
141 6.8158 1.9485 4.8673
142 6.7828 1.9182 4.8647
143 6.6225 1.8436 4.7790
144 6.7060 1.8535 4.8524
145 6.7072 1.8896 4.8177
146 6.8207 1.8707 4.9499
147 6.7258 1.8281 4.8977
148 6.7067 1.9139 4.7927
149 6.6753 1.8935 4.7818
150 6.6567 1.8573 4.7994
151 6.6137 1.8492 4.7645
152 6.6446 1.8592 4.7854
153 6.5907 1.8288 4.7619
154 6.5978 1.8318 4.7660
155 6.6624 1.8537 4.8087
156 6.7127 1.9194 4.7933
157 6.7295 1.9301 4.7994
158 6.6919 1.9221 4.7699
159 6.5900 1.8511 4.7389
160 6.5953 1.8608 4.7344
161 6.6183 1.9059 4.7124
162 6.5359 1.8377 4.6982
163 6.2484 1.5067 4.7417
164 5.9472 0.9999 4.9473
165 7.2156 1.0004 6.2153
166 6.5673 1.0062 5.5611
167 6.9761 2.0047 4.9714
168 6.8747 1.9748 4.8998
169 6.7901 1.9407 4.8495
170 6.8386 2.0474 4.7912
171 6.7782 1.9550 4.8232
172 6.8306 1.9870 4.8437
173 6.8194 1.9511 4.8684
174 6.8622 1.9708 4.8914
175 6.8451 1.9474 4.8976
176 6.7165 1.8405 4.8760
177 6.7118 1.8232 4.8886
178 6.6396 1.7047 4.9349
179 6.5244 1.6629 4.8615
180 6.5406 1.6579 4.8827
181 6.3739 1.5192 4.8546
182 6.0941 1.3679 4.7262
183 5.9736 1.2239 4.7497
184 6.0436 1.3120 4.7316
185 5.9458 1.2323 4.7134
186 5.7938 1.0562 4.7376
187 5.7486 1.0576 4.6910
188 5.6935 1.0004 4.6931
189 5.6705 1.0215 4.6490
190 5.6366 1.0025 4.6341
191 5.6312 1.0000 4.6312
192 5.6139 1.0006 4.6132
193 5.5723 1.0001 4.5722
194 5.5639 0.9995 4.5643
195 5.5606 0.9998 4.5607
196 5.5658 1.0006 4.5652
197 5.5489 0.9998 4.5490
198 5.5422 0.9998 4.5424
199 5.5454 1.0003 4.5452
200 5.5121 1.0003 4.5118
201 5.5126 0.9998 4.5128
202 5.5218 0.9999 4.5218
203 5.4940 1.0005 4.4934
204 5.4837 0.9983 4.4854
205 5.5391 0.9996 4.5395
206 5.5247 0.9993 4.5253
207 5.5014 0.9992 4.5023
208 5.5707 0.9991 4.5716
209 5.4736 1.0002 4.4735
210 5.4989 0.9991 4.4998
211 5.4777 0.9998 4.4779
212 5.4987 1.0001 4.4986
213 5.5028 1.0011 4.5017
214 5.5130 1.0005 4.5124
215 5.5445 1.0001 4.5443
216 5.4997 0.9994 4.5002
217 5.5279 0.9990 4.5290
218 5.4935 0.9994 4.4940
219 5.4789 1.0002 4.4788
220 5.5041 0.9997 4.5043
221 5.9276 1.3879 4.5397
222 5.9731 1.4451 4.5280
223 5.9364 1.4216 4.5148
224 5.8868 1.3646 4.5222
225 5.7812 1.2643 4.5169
226 5.6518 1.1543 4.4975
227 5.5474 1.0908 4.4566
228 5.5470 1.0630 4.4840
229 5.4868 1.0462 4.4406
230 5.4890 0.9998 4.4891
231 5.4793 0.9988 4.4805
232 5.4778 0.9990 4.4789
233 5.5104 0.9999 4.5105
234 5.4754 1.0016 4.4738
235 5.4666 1.0001 4.4665
236 5.4886 1.0004 4.4882
237 5.4642 1.0004 4.4638
238 5.4429 0.9983 4.4446
239 5.4786 0.9998 4.4788
240 5.4433 1.0005 4.4428
241 5.4492 0.9993 4.4499
242 5.4534 0.9995 4.4540
243 5.4660 1.0008 4.4652
244 5.4367 1.0000 4.4367
245 5.4454 1.0007 4.4447
246 5.4897 0.9999 4.4898
247 5.4556 1.0003 4.4553
248 5.4425 1.0002 4.4423
249 5.4469 0.9984 4.4485
250 5.4433 1.0005 4.4428
251 5.4455 1.0002 4.4453
252 5.4274 0.9983 4.4291
253 5.4421 1.0002 4.4419
254 5.4152 1.0008 4.4144
255 5.4415 1.0001 4.4414
256 5.4294 1.0003 4.4291
257 5.4518 1.0004 4.4514
258 5.4559 0.9985 4.4575
259 5.3938 0.9995 4.3942
260 5.4388 0.9999 4.4389
261 5.4227 0.9994 4.4233
262 5.4318 0.9992 4.4325
263 5.4124 1.0028 4.4096
264 5.4078 0.9998 4.4080
265 5.4572 1.0016 4.4556
266 5.4148 1.0003 4.4146
267 5.4218 1.0002 4.4216
268 5.4118 1.0000 4.4119
269 5.4208 1.0001 4.4207
270 5.4173 0.9998 4.4175
271 5.3921 1.0000 4.3921
272 5.4282 1.0001 4.4281
273 5.4309 0.9990 4.4318
274 5.4281 0.9979 4.4302
275 5.4331 1.0001 4.4330
276 5.4231 1.0001 4.4230
277 5.4360 0.9997 4.4362
278 5.4755 1.0710 4.4046
279 5.4164 0.9990 4.4173
280 5.4222 1.0014 4.4209
281 5.4280 0.9999 4.4281
282 5.4271 1.0017 4.4254
283 5.4077 0.9996 4.4081
284 5.4038 1.0003 4.4036
285 5.4077 0.9986 4.4091
286 5.4084 1.0003 4.4082
287 5.4113 1.0015 4.4098
288 5.3996 1.0002 4.3994
289 5.3866 1.0018 4.3848
290 5.3948 1.0000 4.3947
291 6.2844 1.7579 4.5265
292 6.3343 1.7838 4.5505
293 6.1383 1.6480 4.4903
294 5.9965 1.5266 4.4699
295 5.8273 1.3965 4.4308
296 5.5830 1.1652 4.4179
297 5.4143 0.9993 4.4150
298 5.4077 1.0011 4.4065
299 5.3885 0.9998 4.3887
300 5.3536 1.0021 4.3516
301 5.3914 1.0002 4.3912
302 5.4139 1.0002 4.4137
303 5.3976 1.0001 4.3975
304 5.3903 0.9982 4.3922
305 5.3883 1.0012 4.3871
306 5.3909 1.0000 4.3909
307 5.7257 0.9984 4.7273
308 5.6482 1.0000 4.6482
309 5.7642 0.9995 4.7648
310 5.6728 1.0004 4.6724
311 5.6262 1.0000 4.6263
312 5.6311 0.9993 4.6318
313 5.6404 0.9994 4.6410
314 5.6613 1.0001 4.6612
315 5.6134 1.0003 4.6130
316 5.6944 0.9998 4.6946
317 5.6205 0.9990 4.6215
318 5.5922 0.9995 4.5927
319 5.5744 0.9999 4.5744
320 5.5070 0.9991 4.5079
321 5.4990 1.0010 4.4979
322 5.4733 0.9999 4.4734
323 5.5107 1.0012 4.5096
324 5.4785 1.0000 4.4785
325 5.4715 0.9998 4.4717
326 5.4273 0.9995 4.4278
327 5.4212 1.0004 4.4208
328 5.4198 0.9995 4.4203
329 5.4612 0.9993 4.4620
330 5.3387 0.9998 4.3389
331 5.4039 1.0009 4.4030
332 5.3932 0.9998 4.3934
333 5.3396 0.9982 4.3414
334 5.4582 1.0002 4.4580
335 5.3693 0.9989 4.3704
336 5.4027 1.0034 4.3992
337 5.3215 0.9999 4.3216
338 5.3465 0.9991 4.3474
339 5.3653 1.0019 4.3634
340 5.3046 1.0026 4.3020
341 5.3343 1.0007 4.3337
342 5.2783 1.0006 4.2778
343 5.2603 1.0000 4.2603
344 5.3042 1.0000 4.3042
345 5.2946 0.9997 4.2949
346 5.2311 1.0002 4.2309
347 5.2460 0.9995 4.2465
348 5.2517 1.0009 4.2508
349 5.2072 0.9995 4.2077
350 5.2578 1.0012 4.2566
351 5.2605 0.9999 4.2606
352 5.2266 0.9997 4.2269
353 5.2235 1.0000 4.2235
354 5.2417 0.9999 4.2418
355 5.2538 0.9996 4.2542
356 5.2480 0.9990 4.2490
357 5.2528 0.9996 4.2532
358 5.2202 0.9978 4.2224
359 5.1880 0.9980 4.1900
360 5.1825 1.0001 4.1824
361 5.2131 0.9999 4.2132
362 5.1840 0.9995 4.1845
363 5.1991 1.0001 4.1990
364 5.2054 0.9984 4.2070
365 5.2108 1.0009 4.2099
366 5.2023 1.0011 4.2011
367 5.1911 1.0000 4.1911
368 5.1863 1.0001 4.1863
369 5.2014 0.9996 4.2018
370 5.1757 1.0001 4.1757
371 5.1724 0.9998 4.1726
372 5.1909 0.9992 4.1918
373 5.1934 1.0006 4.1928
374 5.1633 0.9999 4.1633
375 5.2040 0.9999 4.2042
376 5.2174 0.9994 4.2180
377 5.2353 1.0002 4.2351
378 5.2160 1.0004 4.2157
379 5.1406 1.0002 4.1405
380 5.1579 1.0004 4.1575
381 5.1781 0.9994 4.1787
382 5.1888 0.9981 4.1907
383 5.1690 1.0001 4.1689
384 5.1600 1.0000 4.1599
385 5.1601 1.0001 4.1601
386 5.1406 1.0002 4.1404
387 5.2033 0.9991 4.2042
388 5.1824 1.0012 4.1813
389 5.1890 1.0000 4.1890
390 5.1678 1.0004 4.1674
391 5.1752 0.9952 4.1800
392 5.1374 1.0023 4.1350
393 5.1695 0.9988 4.1707
394 5.1543 1.0001 4.1541
395 5.1337 1.0011 4.1326
396 5.2070 0.9994 4.2075
397 5.1556 1.0000 4.1556
398 5.1398 0.9999 4.1399
399 5.2021 1.0000 4.2022
400 5.1680 0.9996 4.1684
401 5.1719 0.9995 4.1724
402 5.1895 1.0007 4.1888
