30 6.0376 1.9373 4.1003
40 6.0327 1.9410 4.0917
50 6.0244 1.9468 4.0775
60 5.8282 1.7806 4.0477
70 5.7560 1.7160 4.0400
80 5.5788 1.5769 4.0018
90 5.4746 1.4905 3.9841
100 5.5494 1.5555 3.9939
110 5.5060 1.4933 4.0126
120 5.4237 1.4049 4.0188
130 5.4147 1.3750 4.0397
140 5.4931 1.4064 4.0867
150 5.5067 1.3778 4.1289
160 5.5642 1.4337 4.1305
170 5.4287 1.4766 3.9520
180 5.3445 1.5208 3.8237
190 5.2562 1.5302 3.7260
200 5.1595 1.4722 3.6873
210 5.2952 1.2752 4.0199
220 5.1191 1.0870 4.0321
230 5.1388 1.0576 4.0812
240 5.0899 0.9927 4.0972
250 5.1059 0.9999 4.1059
260 5.1007 1.0123 4.0884
270 5.0626 0.9998 4.0628
280 5.0568 0.9998 4.0571
290 5.0498 1.0029 4.0469
300 5.7303 1.4205 4.3098
310 5.5251 1.3944 4.1307
320 6.0462 1.4577 4.5885
330 5.4146 1.3165 4.0980
340 5.4648 1.1402 4.3246
350 5.1004 1.2291 3.8713
360 5.0125 1.1543 3.8583
370 4.6705 0.9825 3.6880
380 4.6794 1.0205 3.6590
390 4.6513 0.9895 3.6619
400 4.6147 1.0185 3.5963
410 4.5271 0.9861 3.5410
420 4.3980 0.8524 3.5456
430 4.4550 0.9857 3.4694
440 4.4434 0.9889 3.4545
450 4.4844 1.0467 3.4377
460 4.4961 1.1076 3.3885
470 4.4289 1.0435 3.3854
480 4.3611 0.9905 3.3707
490 4.3347 0.9916 3.3431
500 4.2808 0.9870 3.2939
510 4.2746 0.9730 3.3015
520 4.1422 0.8833 3.2589
530 4.1062 0.9509 3.1553
540 4.2336 1.0907 3.1429
550 5.5007 1.6821 3.8186
560 5.7809 1.7746 4.0063
570 5.8653 1.8732 3.9920
580 5.3802 1.4130 3.9673
590 5.8369 1.7903 4.0466
600 5.8477 1.7677 4.0800
610 5.7937 1.6589 4.1348
620 6.1053 1.9656 4.1396
630 6.0600 1.9201 4.1399
640 6.1045 1.9732 4.1313
650 6.1026 1.9695 4.1331
660 5.9852 1.8527 4.1325
670 5.8681 1.7656 4.1025
680 5.7360 1.7145 4.0215
690 5.5727 1.6079 3.9648
700 5.2678 1.4140 3.8538
710 4.8165 1.1536 3.6629
720 4.5835 1.0519 3.5316
730 4.1568 0.5406 3.6162
740 4.1774 0.8849 3.2925
750 4.1069 0.9679 3.1390
760 4.0139 0.9424 3.0715
770 3.9135 0.8775 3.0360
780 3.8336 0.8433 2.9903
790 3.7653 0.8114 2.9539
800 3.7541 0.8288 2.9254
810 3.7587 0.8494 2.9093
820 3.7641 0.8894 2.8747
830 3.7713 0.9168 2.8545
840 3.7690 0.9428 2.8263
850 3.7528 0.9706 2.7822
860 3.7267 0.9692 2.7575
870 3.7150 0.9861 2.7288
880 3.6997 0.9998 2.6999
890 3.6925 1.0135 2.6791
900 3.6670 1.0081 2.6589
910 3.6504 1.0098 2.6406
920 3.6257 1.0125 2.6132
930 3.6090 1.0050 2.6040
940 3.5949 1.0049 2.5899
950 3.5867 1.0054 2.5814
960 3.5834 1.0148 2.5686
970 3.5644 1.0102 2.5542
980 3.5770 1.0346 2.5425
990 3.5248 1.0013 2.5235
1000 3.5269 1.0128 2.5140
1010 3.5254 1.0141 2.5113
1020 3.4843 0.9905 2.4939
1030 3.4880 1.0009 2.4871
1040 3.4922 0.9998 2.4924
1050 3.4904 0.9806 2.5098
1060 3.4913 0.9838 2.5075
1070 3.4932 0.9970 2.4961
1080 3.4646 0.9798 2.4848
1090 3.4667 0.9950 2.4717
1100 3.4461 0.9682 2.4779
1110 3.4353 0.9650 2.4703
1120 3.4094 0.9426 2.4667
1130 3.3632 0.8925 2.4707
