10 6.2060 0.9437 5.2623
20 6.1990 1.7058 4.4932
30 5.4390 1.1371 4.3019
40 5.1919 1.0235 4.1685
50 5.2115 1.0727 4.1388
60 5.5634 1.4328 4.1306
70 5.6526 1.5413 4.1112
90 6.0329 1.9586 4.0743
100 5.9307 1.8973 4.0334
110 5.9068 1.9255 3.9812
120 5.9430 1.9495 3.9936
130 5.5817 1.5666 4.0151
140 5.1841 1.1767 4.0074
150 5.1492 1.1674 3.9818
160 5.0992 1.1251 3.9741
170 5.0178 1.1118 3.9059
180 4.9211 1.0211 3.9000
190 4.8369 0.9687 3.8682
200 4.8152 0.9685 3.8468
210 4.8165 0.9685 3.8480
220 4.8260 0.9832 3.8428
230 4.8076 0.9997 3.8079
240 4.7308 0.9997 3.7311
250 4.6573 0.9996 3.6576
260 4.6003 0.9996 3.6007
270 4.5561 0.9996 3.5565
280 4.5450 0.9996 3.5453
290 4.5293 0.9996 3.5296
300 4.5271 0.9996 3.5274
310 4.4941 0.9996 3.4945
320 4.4570 0.9996 3.4574
330 4.4572 0.9996 3.4575
340 4.4225 0.9996 3.4229
350 4.3676 0.9996 3.3681
360 4.3320 0.9996 3.3324
370 4.2911 0.9996 3.2915
380 4.2566 0.9996 3.2570
390 4.2077 0.9996 3.2080
400 4.1668 0.9996 3.1671
410 4.1353 0.9996 3.1357
420 4.0865 0.9996 3.0870
430 4.1071 0.9995 3.1075
440 4.0469 0.9995 3.0474
450 4.0212 0.9995 3.0217
460 3.9916 0.9996 2.9920
470 3.9562 0.9996 2.9565
480 3.9262 0.9996 2.9266
490 3.9407 0.9997 2.9411
500 3.9409 0.9997 2.9412
510 3.8856 0.9997 2.8859
520 3.8744 0.9997 2.8747
530 3.8670 0.9997 2.8673
540 3.8481 0.9997 2.8484
550 3.8203 0.9997 2.8206
560 3.8496 0.9997 2.8498
570 3.8583 0.9998 2.8586
580 3.8415 0.9998 2.8418
590 3.8333 0.9998 2.8335
600 3.7812 0.9998 2.7814
610 3.7856 0.9998 2.7858
620 3.7622 0.9998 2.7624
630 3.7445 0.9998 2.7448
640 3.6679 0.9997 2.6681
650 3.6131 0.9997 2.6133
660 3.5938 0.9997 2.5941
670 3.5316 0.9997 2.5319
680 3.5026 0.9997 2.5029
690 3.4995 0.9997 2.4999
700 3.4895 0.9997 2.4898
710 3.4664 0.9997 2.4667
720 3.4683 0.9996 2.4687
730 3.4332 0.9997 2.4335
740 3.4055 0.9997 2.4058
750 3.3996 0.9997 2.3999
760 3.3875 0.9996 2.3878
770 3.4101 0.9996 2.4105
780 3.3947 0.9997 2.3950
790 3.3765 0.9997 2.3768
800 3.3933 0.9997 2.3936
810 3.3784 0.9997 2.3787
820 3.4197 0.9997 2.4200
830 3.4029 0.9997 2.4032
840 3.3585 0.9997 2.3588
850 3.3057 0.9997 2.3060
860 3.2913 0.9997 2.2915
870 3.2496 0.9997 2.2499
880 3.1853 0.9997 2.1856
890 3.1586 0.9997 2.1589
900 3.1249 0.9997 2.1251
910 3.1134 0.9998 2.1136
920 3.0859 0.9998 2.0861
930 3.1182 0.9998 2.1184
940 3.0774 0.9998 2.0777
950 3.0451 0.9998 2.0454
960 3.0678 0.9998 2.0681
970 3.0296 0.9998 2.0299
980 3.0029 0.9997 2.0031
990 2.9791 0.9997 1.9794
1000 2.9715 0.9997 1.9718
1010 2.9410 0.9997 1.9413
1020 2.9286 0.9997 1.9290
1030 2.9153 0.9997 1.9156
1040 2.8977 0.9997 1.8980
1050 2.8819 0.9997 1.8822
1060 2.8846 0.9997 1.8850
1070 2.8510 0.9997 1.8513
1080 2.8520 0.9997 1.8524
1090 2.8383 0.9997 1.8386
1100 2.8510 0.9997 1.8514
1110 2.8526 0.9997 1.8529
1120 2.8217 0.9997 1.8220
1130 2.8462 0.9996 1.8466
1140 2.8515 0.9996 1.8519
1150 2.9092 0.9996 1.9095
1160 2.9646 0.9997 1.9649
1170 2.9975 0.9997 1.9979
1180 2.9496 0.9996 1.9500
1190 2.9114 0.9996 1.9118
1200 2.8545 0.9996 1.8549
1210 2.8223 0.9996 1.8227
1220 2.8170 0.9996 1.8174
1230 2.7939 0.9996 1.7944
1240 2.7827 0.9996 1.7831
1250 2.7726 0.9995 1.7731
1260 2.8091 0.9996 1.8096
1270 2.7990 0.9995 1.7995
1280 2.8524 0.9995 1.8529
1290 2.8336 0.9995 1.8340
1300 2.8175 0.9996 1.8179
1310 2.8069 0.9996 1.8073
1320 2.7973 0.9996 1.7977
1330 2.7758 0.9996 1.7762
1340 2.7379 0.9996 1.7383
1350 2.7320 0.9996 1.7324
1360 2.7189 0.9996 1.7193
1370 2.6819 0.9996 1.6822
1380 2.6519 0.9997 1.6523
1390 2.6300 0.9996 1.6304
1400 2.6246 0.9997 1.6250
1410 2.6036 0.9997 1.6040
1420 2.6131 0.9997 1.6134
1430 2.5473 0.9996 1.5476
1440 2.5337 0.9996 1.5341
1450 2.5295 0.9996 1.5299
1460 2.5252 0.9996 1.5256
1470 2.5239 0.9996 1.5243
1480 2.5319 0.9996 1.5323
1490 2.5242 0.9996 1.5246
1500 2.5459 0.9996 1.5463
1510 2.5397 0.9996 1.5401
1520 2.5627 0.9996 1.5631
1530 2.5412 0.9996 1.5416
1540 2.5442 0.9996 1.5445
1550 2.5538 0.9996 1.5542
1560 2.6142 0.9996 1.6146
1570 2.6199 0.9996 1.6203
1580 2.6691 0.9996 1.6695
1590 2.6547 0.9996 1.6551
1600 2.6334 0.9996 1.6338
1610 2.6032 0.9996 1.6036
1620 2.6786 0.9996 1.6790
1630 2.7147 0.9996 1.7151
1640 2.7388 0.9996 1.7392
1650 2.7620 0.9996 1.7624
1660 2.8473 0.9996 1.8477
1670 3.0074 0.9996 2.0078
1680 2.9124 0.9996 1.9129
1690 3.0387 0.9995 2.0392
1700 3.0429 0.9995 2.0434
1710 3.1329 0.9995 2.1334
1720 3.3095 0.9995 2.3100
1730 3.4631 0.9995 2.4635
1740 3.7087 0.9995 2.7091
1750 3.9152 0.9995 2.9156
1760 4.0022 0.9996 3.0026
1770 4.1128 0.9996 3.1132
1780 4.1472 0.9996 3.1475
1790 4.2175 0.9996 3.2179
1800 4.1103 0.9997 3.1107
1810 4.1298 0.9997 3.1302
1820 4.2273 0.9997 3.2276
1830 4.2860 0.9997 3.2863
1840 4.3331 0.9997 3.3334
1850 4.3450 0.9997 3.3452
1860 4.2496 0.9997 3.2499
1870 4.3232 0.9997 3.3235
1880 4.3586 0.9997 3.3589
1890 4.3998 0.9997 3.4001
1900 4.4054 0.9997 3.4058
1910 4.4315 0.9996 3.4319
1920 4.4259 0.9996 3.4262
1930 4.4219 0.9996 3.4223
1940 4.4127 0.9996 3.4131
1950 4.4008 0.9996 3.4012
1960 4.3918 0.9996 3.3922
1970 4.3685 0.9996 3.3689
1980 4.3633 0.9996 3.3637
1990 4.3669 0.9996 3.3673
2000 4.3441 0.9996 3.3445
2010 4.3328 0.9996 3.3332
2020 4.3078 0.9995 3.3083
2030 4.2796 0.9996 3.2800
2040 4.2564 0.9995 3.2569
2050 4.2396 0.9996 3.2401
2060 4.2131 0.9995 3.2136
2070 4.1885 0.9995 3.1890
2080 4.1537 0.9995 3.1541
2090 4.1342 0.9995 3.1347
2100 4.1252 0.9995 3.1257
2110 4.1117 0.9995 3.1121
2120 4.0965 0.9995 3.0969
2130 4.0730 0.9995 3.0735
2140 4.0410 0.9996 3.0414
2150 4.0010 0.9996 3.0014
2160 3.9803 0.9996 2.9808
2170 3.9591 0.9995 2.9596
2180 3.9305 0.9995 2.9310
2190 3.9204 0.9995 2.9210
2200 3.9208 0.9994 2.9213
2210 3.8710 0.9994 2.8716
2220 3.8590 0.9994 2.8596
2230 3.8411 0.9994 2.8417
2240 3.8024 0.9994 2.8030
2250 3.7982 0.9994 2.7988
2260 3.8399 0.9993 2.8406
2270 3.7662 0.9993 2.7669
2280 3.7498 0.9993 2.7505
2290 3.7190 0.9993 2.7197
2300 3.6562 0.9993 2.6569
2310 3.6379 0.9993 2.6387
2320 3.6777 0.9993 2.6784
2330 3.7027 0.9993 2.7033
2340 3.8614 0.9994 2.8621
2350 3.4882 0.9994 2.4888
2360 3.6452 0.9994 2.6458
2370 3.5800 0.9994 2.5806
2380 3.6219 0.9994 2.6225
2390 3.9168 0.9994 2.9173
2400 3.6154 0.9994 2.6160
2410 3.6779 0.9994 2.6785
2420 3.6362 0.9994 2.6368
2430 3.6725 0.9995 2.6730
2440 3.8310 0.9995 2.8315
2450 3.9590 0.9995 2.9596
2460 3.7049 0.9995 2.7054
2470 4.0062 0.9995 3.0067
2480 3.9396 0.9995 2.9401
2490 3.8195 0.9995 2.8200
2500 3.6091 0.9995 2.6096
2510 3.3851 0.9996 2.3855
2520 3.0696 0.9995 2.0701
2530 3.1212 0.9995 2.1217
2540 2.8993 0.9995 1.8998
2550 2.8284 0.9995 1.8288
2560 2.6802 0.9996 1.6807
2570 2.6886 0.9995 1.6890
2580 2.5150 0.9995 1.5155
2590 2.4394 0.9996 1.4399
2600 2.3512 0.9995 1.3516
2610 2.3100 0.9996 1.3104
2620 2.2333 0.9996 1.2337
2630 2.1976 0.9996 1.1980
2640 2.2276 0.9996 1.2280
2650 2.1936 0.9996 1.1939
2660 2.1814 0.9996 1.1818
2670 2.0690 0.9996 1.0694
2680 2.1008 0.9996 1.1012
2690 2.1663 0.9996 1.1667
2700 2.2313 0.9996 1.2317
2710 2.3281 0.9996 1.3286
2720 2.4570 0.9996 1.4574
2730 2.3537 0.9996 1.3542
2740 2.3901 0.9996 1.3905
2750 2.3442 0.9995 1.3447
2760 2.4161 0.9995 1.4165
2770 2.3516 0.9995 1.3521
2780 2.3053 0.9995 1.3057
2790 2.4143 0.9995 1.4148
2800 2.2007 0.9995 1.2012
2810 2.3274 0.9995 1.3279
2820 2.1587 0.9995 1.1592
2830 2.1121 0.9994 1.1127
2840 2.1392 0.9994 1.1398
2850 2.2807 0.9994 1.2812
2860 2.3840 0.9994 1.3846
2870 2.5384 0.9995 1.5389
2880 2.2746 0.9994 1.2752
2890 2.1800 0.9994 1.1806
2900 2.1922 0.9994 1.1927
2910 2.4255 0.9994 1.4261
2920 2.5896 0.9994 1.5902
2930 2.6211 0.9994 1.6217
2940 3.1082 0.9994 2.1089
2950 2.7841 0.9994 1.7847
2960 2.6087 0.9994 1.6093
2970 2.6967 0.9995 1.6972
2980 2.8341 0.9995 1.8345
2990 2.6241 0.9995 1.6246
3000 2.8029 0.9995 1.8034
3010 3.1636 0.9995 2.1641
3020 2.9865 0.9996 1.9869
3030 2.9075 0.9996 1.9079
3040 2.8297 0.9996 1.8301
3050 2.7393 0.9996 1.7397
3060 2.6388 0.9996 1.6392
3070 2.5345 0.9996 1.5349
3080 2.4733 0.9996 1.4737
3090 2.4224 0.9996 1.4228
3100 2.4288 0.9996 1.4291
3110 2.4210 0.9996 1.4214
3120 2.3967 0.9996 1.3971
3130 2.4148 0.9996 1.4153
3140 2.4607 0.9996 1.4611
3150 2.5125 0.9996 1.5129
3160 2.5905 0.9840 1.6065
3170 2.5960 0.9840 1.6119
3180 2.6352 0.9840 1.6511
3190 2.6930 0.9841 1.7089
3200 2.6616 0.9841 1.6776
3210 2.6532 0.9841 1.6691
3220 2.7976 0.9841 1.8135
3230 2.7156 0.9841 1.7314
3240 2.7119 0.9841 1.7277
3250 2.6732 0.9841 1.6891
3260 2.7135 0.9842 1.7294
3270 2.6682 0.9842 1.6840
3280 2.7009 0.9841 1.7168
3290 2.7161 0.9997 1.7164
3300 2.8132 0.9841 1.8290
3310 2.7947 0.9841 1.8105
3320 2.9238 0.9841 1.9397
3330 2.9906 0.9841 2.0064
3340 3.0249 0.9841 2.0408
3350 3.0520 0.9841 2.0679
3360 3.1079 0.9841 2.1238
3370 3.2556 0.9685 2.2871
3380 3.3390 0.9685 2.3705
3390 3.3731 0.9685 2.4046
3400 3.3527 0.9685 2.3842
3410 3.6019 0.9685 2.6334
3420 3.7447 0.9685 2.7762
3430 3.7609 0.9684 2.7925
3440 4.0291 0.9840 3.0451
3450 4.1619 0.9840 3.1779
3460 4.2800 0.9840 3.2960
3470 4.3341 0.9840 3.3501
3480 4.3351 0.9840 3.3511
3490 4.2440 0.9840 3.2599
3500 4.2371 0.9841 3.2530
3510 4.1772 0.9899 3.1873
3520 4.1508 0.9996 3.1512
3530 4.1183 0.9995 3.1188
3540 3.9981 1.0002 2.9978
3550 4.0908 1.1702 2.9206
3560 3.8990 1.0022 2.8968
3570 3.8114 0.9997 2.8117
3580 3.7670 1.0013 2.7657
3590 3.7970 1.0017 2.7953
3600 3.7099 1.0023 2.7076
3610 3.7473 1.0050 2.7423
3620 3.7132 1.0033 2.7099
3630 3.6888 1.0089 2.6799
3640 3.6322 1.0235 2.6087
3650 3.6300 1.0741 2.5559
3660 3.4130 0.9200 2.4930
3670 3.5345 0.9474 2.5870
3680 3.4256 0.8825 2.5431
3690 3.4743 1.0071 2.4672
3700 3.5384 1.1021 2.4363
3710 3.0464 0.6413 2.4051
3720 3.0708 0.6718 2.3990
3730 2.9398 0.4973 2.4425
3740 2.9462 0.5591 2.3871
3750 2.8039 0.4199 2.3840
3760 2.7937 0.4572 2.3364
3770 2.8319 0.4677 2.3643
3780 2.8287 0.4696 2.3591
3790 2.8773 0.5114 2.3659
3800 2.8017 0.4498 2.3519
3810 2.8710 0.5068 2.3642
3820 2.8947 0.5294 2.3653
3830 2.8772 0.5014 2.3758
3840 2.8852 0.4791 2.4061
3850 3.0993 0.6639 2.4354
3860 2.9701 0.5515 2.4187
3870 2.7951 0.3369 2.4582
3880 2.7642 0.3224 2.4418
3890 2.8459 0.3719 2.4740
3900 2.8736 0.4076 2.4660
3910 2.7755 0.3494 2.4261
3920 2.7818 0.3120 2.4698
3930 2.9310 0.4237 2.5073
3940 2.8732 0.3704 2.5028
3950 2.8985 0.3907 2.5078
3960 2.8484 0.4015 2.4469
3970 2.7990 0.3666 2.4324
3980 2.8341 0.3688 2.4653
3990 2.9031 0.4279 2.4753
4000 2.9658 0.4729 2.4929
4010 3.0016 0.4604 2.5412
4020 2.9132 0.4386 2.4746
4030 2.9147 0.4550 2.4597
4040 2.8102 0.4166 2.3936
4050 2.8954 0.4668 2.4286
4060 2.8268 0.4172 2.4096
4070 2.9262 0.4393 2.4869
4080 3.0139 0.5100 2.5039
4090 2.7714 0.4123 2.3591
4100 2.8374 0.4707 2.3667
4110 2.8853 0.4938 2.3915
4120 2.9626 0.5180 2.4446
4130 3.0592 0.5659 2.4933
4140 3.0671 0.5833 2.4837
4150 3.0902 0.5754 2.5148
4160 2.9052 0.5071 2.3981
4170 3.0142 0.5439 2.4703
4180 2.8185 0.4466 2.3719
4190 2.8142 0.4253 2.3889
4200 2.7503 0.4084 2.3418
4210 2.8139 0.4531 2.3608
4220 2.9794 0.5282 2.4512
4230 3.0082 0.5013 2.5070
4240 2.9568 0.4277 2.5291
4250 3.0750 0.4612 2.6139
4260 3.4979 0.6051 2.8928
4270 3.9320 0.7819 3.1501
4280 4.2875 0.8029 3.4846
4290 4.1693 0.6465 3.5228
4300 4.3702 0.7710 3.5992
4310 4.3091 0.7867 3.5224
4320 4.2534 0.7164 3.5370
4330 4.1240 0.6235 3.5005
4340 4.3673 0.7153 3.6520
4350 4.2962 0.5989 3.6973
4360 4.7033 0.7644 3.9389
4370 4.6472 0.9906 3.6566
4380 4.4899 1.0102 3.4797
4390 4.4863 1.0526 3.4337
4400 4.3424 0.9492 3.3931
4410 4.3137 0.9423 3.3715
4420 4.7176 1.2139 3.5037
4430 4.2744 0.8500 3.4244
4440 3.9530 0.8233 3.1297
4450 3.9543 0.7359 3.2184
4460 3.8180 0.7222 3.0959
4470 3.8132 0.6800 3.1333
4480 4.0578 0.8556 3.2022
4490 3.7206 0.8390 2.8816
4500 3.3746 0.8101 2.5645
4510 3.2957 0.7801 2.5156
4520 3.1820 0.7332 2.4488
4530 3.0864 0.7270 2.3593
4540 3.0606 0.7080 2.3526
4550 3.0519 0.7250 2.3269
4560 3.1185 0.8068 2.3117
4570 2.9477 0.6630 2.2847
4580 2.8068 0.6098 2.1970
4590 2.8395 0.6484 2.1911
4600 2.7907 0.6009 2.1898
4610 2.7823 0.5643 2.2180
4620 2.7675 0.5442 2.2233
4630 2.7304 0.5231 2.2073
4640 2.8279 0.5626 2.2654
4650 2.9719 0.5547 2.4171
4660 2.8499 0.5275 2.3224
4670 2.8690 0.5585 2.3104
4680 2.7062 0.4954 2.2107
4690 2.7511 0.5181 2.2330
4700 2.6937 0.5138 2.1799
4710 3.0973 0.7614 2.3359
4720 3.2779 0.7717 2.5062
4730 3.2647 0.6016 2.6631
4740 3.1284 0.5549 2.5736
4750 2.9717 0.5582 2.4134
4760 2.8478 0.5760 2.2718
4770 3.0578 0.6749 2.3829
4780 2.8451 0.6642 2.1809
4790 2.7811 0.6151 2.1659
4800 2.7281 0.5796 2.1485
4810 2.7293 0.5357 2.1937
4820 2.7584 0.5320 2.2264
4830 2.9330 0.6848 2.2482
4840 3.0177 0.7383 2.2794
4850 2.8487 0.6352 2.2135
4860 2.9094 0.6732 2.2362
4870 2.8508 0.6271 2.2237
4880 2.9816 0.7046 2.2769
4890 2.7888 0.5992 2.1896
4900 2.7820 0.4839 2.2981
4910 2.6059 0.4495 2.1564
