1 7.1307 1.7151 5.4156
2 7.3644 1.9440 5.4204
3 7.3106 1.8928 5.4177
4 7.3831 1.9492 5.4339
5 7.3845 1.9648 5.4197
6 7.2876 1.8633 5.4243
7 7.3631 1.9648 5.3983
8 7.3611 1.9727 5.3885
9 7.3716 1.9922 5.3794
10 7.3432 1.9688 5.3745
11 7.3187 1.9648 5.3539
12 7.3425 2.0195 5.3230
13 7.3193 2.0234 5.2958
14 7.2481 1.9492 5.2989
15 7.2614 1.9453 5.3160
16 7.3208 2.0312 5.2895
17 7.2372 1.9375 5.2997
18 7.3431 2.0625 5.2806
19 7.3179 2.0430 5.2749
20 7.2442 2.0000 5.2442
21 7.3695 2.0820 5.2875
22 7.3003 2.0430 5.2573
23 7.2848 2.0078 5.2769
24 7.3305 2.0664 5.2641
25 7.3401 2.0742 5.2659
26 7.1747 1.9023 5.2724
27 7.1847 1.9141 5.2706
28 7.2758 2.0156 5.2601
29 7.2816 2.0117 5.2699
30 7.1689 1.9141 5.2549
31 7.2701 1.9844 5.2858
32 7.2632 1.9805 5.2827
33 7.3493 2.0781 5.2711
34 7.2907 2.0352 5.2556
35 7.1924 1.9219 5.2705
36 7.2461 1.9805 5.2657
37 7.2654 1.9883 5.2771
38 7.3280 2.0586 5.2694
39 7.2411 1.9805 5.2607
40 7.2683 2.0078 5.2605
41 7.2776 2.0547 5.2229
42 7.2153 1.9766 5.2388
43 7.3069 2.0469 5.2600
44 7.1793 1.9219 5.2574
45 7.2318 1.9805 5.2513
46 7.2289 2.0039 5.2250
47 7.1634 1.9414 5.2220
48 7.2274 1.9727 5.2548
49 7.2488 1.9922 5.2566
50 7.2247 1.9844 5.2403
51 7.2220 1.9570 5.2650
52 7.3146 2.0742 5.2404
53 7.2298 1.9844 5.2454
54 7.1572 1.9336 5.2237
55 7.2529 2.0039 5.2490
56 7.2620 2.0234 5.2385
57 7.3182 2.0586 5.2596
58 7.2948 2.0586 5.2362
59 7.2444 2.0078 5.2366
60 7.1418 1.9219 5.2200
61 7.1031 1.8789 5.2242
62 7.2606 2.0430 5.2176
63 7.1976 1.9727 5.2250
64 7.1992 1.9727 5.2265
65 7.2591 2.0391 5.2200
66 7.1839 1.9727 5.2113
67 7.1875 1.9648 5.2227
68 7.1536 1.9336 5.2200
69 7.2188 1.9961 5.2227
70 7.1879 1.9375 5.2504
71 7.1636 1.9883 5.1754
72 7.2071 1.9766 5.2306
73 7.1661 1.9336 5.2325
74 7.1564 1.9570 5.1994
75 7.2329 2.0156 5.2173
76 7.1175 1.9180 5.1995
77 7.1577 1.9336 5.2241
78 7.1870 1.9531 5.2338
79 7.1636 1.9453 5.2183
80 7.3416 2.1328 5.2088
81 7.1587 1.9453 5.2134
82 7.3018 2.0859 5.2159
83 7.1967 1.9805 5.2162
84 7.1835 1.9766 5.2070
85 7.1986 1.9961 5.2025
86 7.2338 2.0117 5.2220
87 7.2870 2.0938 5.1933
88 7.1686 1.9609 5.2077
89 7.1970 1.9766 5.2205
90 7.1963 2.0156 5.1807
91 7.1950 1.9883 5.2067
92 7.2806 2.0938 5.1869
93 7.2356 2.0156 5.2199
94 7.1833 1.9844 5.1990
95 7.2363 2.0156 5.2207
96 7.1612 1.9922 5.1690
97 7.2015 2.0078 5.1937
98 7.2188 2.0391 5.1798
99 7.2607 2.1016 5.1592
100 7.1159 1.9414 5.1745
101 7.0438 1.8555 5.1883
102 7.1909 2.0000 5.1909
103 7.2649 2.0469 5.2181
104 7.2631 2.0703 5.1928
105 7.2679 2.0664 5.2015
106 7.1363 1.9180 5.2183
107 7.1543 1.8945 5.2597
108 7.2191 2.0156 5.2034
109 7.2326 2.0156 5.2169
110 7.2104 2.0156 5.1948
111 7.1064 1.9180 5.1884
112 7.1942 1.9844 5.2098
113 7.2056 2.0195 5.1861
114 7.1975 2.0352 5.1623
115 7.1585 1.9805 5.1781
116 7.1484 2.0117 5.1367
117 7.2125 2.0430 5.1695
118 7.2371 2.0664 5.1707
119 7.1947 2.0352 5.1596
120 7.1145 1.9531 5.1613
121 7.1504 1.9922 5.1582
122 7.1803 2.0430 5.1374
123 7.1203 1.9883 5.1320
124 7.1802 2.0781 5.1021
125 7.0711 1.9258 5.1453
126 7.1641 2.0430 5.1211
127 7.2802 2.1367 5.1435
128 7.1872 2.0586 5.1286
129 7.2476 2.1445 5.1031
130 7.1496 2.0547 5.0949
131 7.0356 1.9023 5.1333
132 7.2118 2.0898 5.1220
133 7.0509 1.9219 5.1290
134 7.1449 2.0156 5.1293
135 7.0988 1.9727 5.1261
136 7.1968 2.0664 5.1304
137 7.0122 1.8789 5.1333
138 7.1473 2.0156 5.1317
139 7.1697 2.0859 5.0838
140 6.9854 1.8711 5.1143
141 7.0879 1.9883 5.0996
142 7.0930 1.9805 5.1125
143 7.0656 1.9844 5.0812
144 7.0707 2.0039 5.0668
145 7.0689 2.0000 5.0689
146 7.0114 1.9844 5.0270
147 6.9981 1.9648 5.0333
148 6.9956 1.9570 5.0386
149 6.9600 1.9570 5.0030
150 7.0018 1.9375 5.0643
151 6.9886 1.9180 5.0706
152 7.0853 2.0195 5.0658
153 7.0021 1.9453 5.0568
154 7.0599 2.0117 5.0482
155 6.9294 1.9102 5.0192
156 7.0535 2.0352 5.0183
157 7.0536 2.0156 5.0380
158 6.9842 2.0352 4.9490
159 7.0967 2.1055 4.9912
160 6.9509 2.0117 4.9392
161 6.9021 1.9297 4.9724
162 7.0604 2.0977 4.9628
163 6.9219 1.9648 4.9571
164 6.9944 2.0156 4.9787
165 7.0153 2.0234 4.9918
166 6.9895 1.9844 5.0051
167 6.9617 2.0586 4.9031
168 6.9753 2.0039 4.9714
169 6.8793 1.9766 4.9027
170 7.0644 2.1406 4.9238
171 6.9180 1.9844 4.9337
172 6.8924 1.9609 4.9314
173 6.9236 2.0547 4.8689
174 6.9351 2.0547 4.8804
175 6.8471 2.0078 4.8393
176 6.8141 1.9805 4.8336
177 6.8395 1.9805 4.8590
178 6.9343 2.0156 4.9187
179 6.9267 2.1133 4.8134
180 6.8912 2.0469 4.8444
181 6.8978 1.9688 4.9291
182 6.8845 1.9336 4.9509
183 6.7864 1.9453 4.8411
184 6.8465 1.9453 4.9012
185 6.8973 1.9805 4.9168
186 6.8039 2.0234 4.7805
187 6.7976 1.9258 4.8719
188 6.7879 1.9727 4.8152
189 6.7539 1.9844 4.7695
190 6.7519 2.0742 4.6776
191 6.5939 1.9883 4.6056
192 6.5884 1.9961 4.5923
193 6.5340 1.9805 4.5535
194 6.6072 1.9844 4.6228
195 6.5210 1.8984 4.6226
196 6.5709 1.9883 4.5827
197 6.4621 2.0234 4.4387
198 6.6920 2.0859 4.6061
199 6.4573 1.9961 4.4612
200 6.4377 1.9883 4.4494
201 6.5151 2.0039 4.5112
202 6.3855 1.9688 4.4167
203 6.2751 1.9219 4.3532
204 6.3324 2.0312 4.3012
205 6.2310 1.9648 4.2662
206 6.4717 2.0547 4.4170
207 6.3306 2.0703 4.2603
208 6.2924 2.0820 4.2103
209 6.0870 1.9375 4.1495
210 6.0698 1.9727 4.0971
211 6.0613 1.9297 4.1316
212 6.1281 1.9727 4.1554
213 6.1385 1.9531 4.1854
214 6.0205 1.9531 4.0673
215 6.0174 1.8867 4.1307
216 6.2013 2.0312 4.1701
217 6.1996 2.0664 4.1332
218 6.0787 2.0039 4.0748
219 6.0124 2.0078 4.0046
220 5.8408 1.9180 3.9228
221 5.7556 1.9102 3.8455
222 5.8738 1.9883 3.8856
223 5.8630 2.0000 3.8630
224 5.7455 1.8789 3.8666
225 5.8044 1.9648 3.8396
226 5.8930 2.0039 3.8891
227 5.8444 2.0508 3.7936
228 5.7056 2.0000 3.7056
229 5.7265 2.0000 3.7265
230 5.6682 2.0078 3.6603
231 5.5643 2.0391 3.5252
232 5.7626 2.0703 3.6922
233 5.5704 1.9062 3.6641
234 5.7192 2.1172 3.6020
235 5.5548 1.9609 3.5939
236 5.4605 1.9453 3.5152
237 5.5081 1.9727 3.5355
238 5.4838 2.0352 3.4487
239 5.1566 1.7969 3.3598
240 5.4284 2.0703 3.3581
241 5.3597 2.0000 3.3597
242 5.3371 2.0352 3.3019
243 5.3685 1.9844 3.3841
244 5.3502 2.0586 3.2916
245 5.0567 1.9258 3.1309
246 5.1688 1.9922 3.1766
247 5.2203 1.9570 3.2632
248 5.3370 2.0625 3.2745
249 5.1963 1.8711 3.3252
250 5.1782 1.9844 3.1938
251 5.3662 1.9570 3.4092
252 5.2590 2.0977 3.1613
253 5.1143 1.9531 3.1612
254 5.0689 1.9414 3.1275
255 4.9998 1.8906 3.1092
256 5.0695 2.0547 3.0148
257 4.8954 1.9180 2.9774
258 4.9736 1.9102 3.0635
259 4.8992 1.9727 2.9265
260 4.8771 1.9141 2.9630
261 4.8576 2.0586 2.7990
262 4.7577 1.9219 2.8358
263 4.7883 1.9219 2.8664
264 4.7159 1.9414 2.7745
265 4.7468 2.0156 2.7312
266 4.8679 2.0664 2.8015
267 4.5944 1.8906 2.7038
268 4.7357 2.0352 2.7005
269 4.6896 1.9687 2.7209
270 4.7372 2.0078 2.7294
271 4.5829 2.0078 2.5751
272 4.6896 2.0352 2.6544
273 4.5795 1.9492 2.6302
274 4.7415 2.0703 2.6711
275 4.6005 2.0430 2.5575
276 4.5621 2.0039 2.5582
277 4.5358 1.9570 2.5787
278 4.4143 1.9258 2.4885
279 4.4677 1.9140 2.5537
280 4.5400 1.9922 2.5479
281 4.5260 2.0156 2.5103
282 4.3121 1.8359 2.4762
283 4.7183 2.1328 2.5855
284 4.5576 2.0625 2.4951
285 4.4466 1.9688 2.4778
286 4.5079 1.9766 2.5313
287 4.4178 2.0117 2.4061
288 4.3946 2.0508 2.3438
289 4.2845 1.9219 2.3627
290 4.5255 2.0664 2.4591
291 4.3051 1.8984 2.4066
292 4.5449 2.0820 2.4628
293 4.3166 1.9297 2.3869
294 4.3184 1.9844 2.3340
295 4.3979 1.9883 2.4096
296 4.2719 1.9375 2.3344
297 4.2894 1.9258 2.3637
298 4.4501 2.0742 2.3759
299 4.2621 1.9141 2.3480
300 4.2982 1.9844 2.3138
301 4.3335 2.0586 2.2749
302 4.3468 2.0469 2.2999
303 4.4851 2.1289 2.3562
304 4.3684 1.9961 2.3723
305 4.2311 1.9961 2.2350
306 4.2622 1.9688 2.2934
307 4.3222 2.0195 2.3027
308 4.2809 2.0469 2.2340
309 4.3901 2.0781 2.3120
310 4.3479 1.9961 2.3518
311 3.9798 1.8281 2.1517
312 4.2069 1.9883 2.2186
313 4.2384 1.9961 2.2423
314 4.4014 2.0391 2.3623
315 4.2601 2.0000 2.2601
316 4.2782 2.0547 2.2235
317 4.2106 1.9648 2.2458
318 4.1718 1.9102 2.2616
319 4.2812 1.9922 2.2890
320 4.1370 1.8672 2.2699
321 4.2773 2.0234 2.2539
322 4.3650 2.0586 2.3065
323 4.2924 2.0000 2.2924
324 4.1828 1.9688 2.2140
325 4.3208 2.0312 2.2896
326 4.2802 1.9961 2.2841
327 4.1750 1.9141 2.2609
328 4.3700 2.0547 2.3154
329 4.2881 1.9258 2.3623
330 4.4053 2.0430 2.3624
331 4.4012 2.0508 2.3505
332 4.2358 1.9609 2.2749
333 4.2619 2.0078 2.2541
334 4.3750 2.0898 2.2852
335 4.2722 1.9648 2.3073
336 4.3585 2.0352 2.3233
337 4.3700 2.1016 2.2684
338 4.1797 1.9336 2.2461
339 4.3299 2.0898 2.2401
340 4.2296 1.9883 2.2413
341 4.3502 2.1797 2.1705
342 4.1083 1.8984 2.2099
343 4.1358 1.9258 2.2101
344 4.2520 2.0234 2.2286
345 4.0809 1.9219 2.1591
346 4.2518 2.0391 2.2127
347 4.2827 2.0547 2.2280
348 4.1300 1.9453 2.1847
349 4.2356 2.0430 2.1926
350 4.1108 1.9922 2.1186
351 4.1451 1.9922 2.1529
352 4.1211 2.0117 2.1094
353 4.0746 1.9180 2.1566
354 4.1189 1.9180 2.2009
355 4.1972 2.0547 2.1425
356 4.1387 2.0469 2.0919
357 4.1534 2.0352 2.1183
358 4.1182 1.9609 2.1573
359 4.0620 1.9180 2.1440
360 4.0937 1.9883 2.1054
361 3.9977 1.8828 2.1149
362 3.9551 1.8789 2.0762
363 4.1232 2.0234 2.0997
364 4.1480 2.0312 2.1168
365 4.2561 2.1367 2.1194
366 4.1852 2.0430 2.1422
367 3.9757 1.9375 2.0382
368 4.0197 1.9805 2.0392
369 4.2070 2.0586 2.1484
370 4.0173 1.9766 2.0408
371 4.1064 1.9727 2.1338
372 4.1090 2.0000 2.1090
373 4.2181 2.0898 2.1282
374 4.1014 1.9922 2.1092
375 4.0218 1.9961 2.0257
376 4.0523 1.9961 2.0562
377 4.0988 2.0039 2.0949
378 3.9950 1.9336 2.0614
379 4.1719 2.0469 2.1251
380 4.1808 2.1133 2.0675
381 4.0409 1.9258 2.1151
382 4.1242 2.0273 2.0969
383 4.2850 2.1250 2.1600
384 4.2122 2.0898 2.1223
385 4.0137 2.0117 2.0020
386 4.0096 1.9883 2.0214
387 4.1013 2.0391 2.0623
388 3.9636 1.9609 2.0026
389 3.9725 1.9648 2.0077
390 3.8887 1.9297 1.9591
391 4.0726 2.0117 2.0609
392 3.8862 1.8516 2.0346
393 3.9053 1.9102 1.9952
394 4.0652 2.0977 1.9675
395 3.9380 1.9453 1.9927
396 4.1569 2.0391 2.1178
397 4.0512 1.9766 2.0747
398 4.0101 1.9570 2.0531
399 4.0530 2.0195 2.0334
400 3.8918 1.9805 1.9113
401 4.0106 1.9648 2.0458
402 4.0225 1.9648 2.0576
403 4.1998 2.1445 2.0553
404 3.9908 2.0039 1.9869
405 3.9995 1.9727 2.0268
406 4.1543 2.0664 2.0879
407 3.9663 1.9609 2.0054
408 4.0107 2.0195 1.9911
409 4.0484 2.0625 1.9859
410 3.8897 1.8945 1.9952
411 4.0184 2.0117 2.0067
412 4.0565 2.0898 1.9666
413 3.9706 1.9961 1.9745
414 4.0475 2.0586 1.9889
415 4.0524 2.0508 2.0016
416 4.0359 2.0977 1.9382
417 4.0248 2.0820 1.9428
418 4.0319 2.0352 1.9968
419 3.9168 1.9922 1.9246
420 3.9958 2.0664 1.9294
421 3.9509 2.0117 1.9392
422 3.8396 1.9570 1.8826
423 3.9750 2.0117 1.9633
424 3.8786 1.9648 1.9137
425 4.0540 2.0781 1.9759
426 3.8546 1.9609 1.8936
427 3.9961 2.0312 1.9649
428 4.0065 2.0312 1.9753
429 3.9981 2.1289 1.8692
430 4.0334 2.1094 1.9240
431 4.0387 2.0820 1.9567
432 4.0287 2.1133 1.9154
433 4.0093 2.0508 1.9585
434 3.9972 2.0898 1.9074
435 3.9388 2.0195 1.9193
436 3.9215 2.0938 1.8277
437 4.0295 2.1016 1.9280
438 3.9387 2.0273 1.9114
439 3.7997 1.9219 1.8778
440 3.8753 2.0039 1.8714
441 3.9475 1.9727 1.9749
442 3.8624 1.9766 1.8859
443 3.8626 1.9023 1.9603
444 3.9155 2.0039 1.9116
445 3.9676 2.1094 1.8582
446 3.7884 1.8750 1.9134
447 3.9714 2.0234 1.9479
448 3.8624 1.9922 1.8702
449 3.9150 2.0703 1.8447
450 3.8430 1.9297 1.9133
451 3.9366 2.0430 1.8936
452 3.9022 2.0312 1.8710
453 3.8416 2.0117 1.8298
454 3.7416 1.8789 1.8627
455 3.8936 2.0117 1.8819
456 3.9168 2.0430 1.8739
457 3.7763 1.9141 1.8623
458 3.8547 1.9922 1.8625
459 3.8619 1.9766 1.8854
460 3.8562 2.0391 1.8172
461 3.8205 1.9492 1.8712
462 3.7524 1.9570 1.7954
463 3.8365 1.9727 1.8638
464 3.8745 2.0547 1.8198
465 3.9761 2.1172 1.8589
466 3.8347 1.9375 1.8972
467 3.8570 2.0391 1.8179
468 3.8965 2.0820 1.8144
469 3.8717 1.9883 1.8834
470 3.7593 1.9102 1.8492
471 3.8223 1.9688 1.8535
472 3.7872 1.9648 1.8224
473 3.8852 1.9453 1.9399
474 3.9190 2.0586 1.8604
475 3.8691 2.0703 1.7988
476 3.7979 1.9805 1.8175
477 3.9320 2.0625 1.8695
478 3.9340 2.0664 1.8676
479 3.9303 2.0898 1.8405
480 3.6947 1.8945 1.8001
481 3.8401 2.0234 1.8167
482 3.8660 2.0312 1.8348
483 3.8139 1.9961 1.8179
484 3.8997 2.0742 1.8255
485 3.8200 1.9922 1.8278
486 3.8380 2.0234 1.8146
487 3.8028 1.9922 1.8106
488 3.7869 1.9648 1.8221
489 3.7427 1.9492 1.7935
490 3.8386 2.0586 1.7800
491 3.8276 2.0430 1.7846
492 3.7194 1.8867 1.8327
493 3.9399 2.0938 1.8461
494 3.8452 2.0273 1.8178
495 3.8431 2.0273 1.8158
496 3.7756 2.0273 1.7482
497 3.7676 1.9805 1.7871
498 3.7568 1.9766 1.7802
499 3.8241 1.9727 1.8514
500 3.8266 2.0664 1.7602
501 3.9709 2.0859 1.8850
502 3.6650 1.8477 1.8173
503 3.6469 1.8828 1.7641
504 3.7878 2.0117 1.7761
505 3.8141 2.0547 1.7594
506 3.7736 2.0078 1.7658
507 3.7090 1.9336 1.7754
508 3.8733 1.9883 1.8850
509 3.7454 1.9609 1.7845
510 3.8178 2.0742 1.7436
511 3.8847 2.0859 1.7988
512 3.7232 1.9570 1.7661
513 3.8527 2.0273 1.8254
514 3.8472 2.0820 1.7652
515 3.8584 2.0117 1.8467
516 3.8140 1.9883 1.8257
517 3.6308 1.8555 1.7753
518 3.7952 2.0234 1.7718
519 3.7817 1.9844 1.7973
520 3.8838 2.0117 1.8721
521 3.6957 1.9258 1.7700
522 3.6245 1.8945 1.7300
523 3.7903 1.9688 1.8215
524 3.7535 1.9492 1.8043
525 3.7814 2.0234 1.7580
526 3.8063 2.0117 1.7946
527 3.8452 2.0352 1.8100
528 3.8644 2.0195 1.8448
529 3.8057 2.0352 1.7705
530 3.7596 1.9648 1.7948
531 3.7045 1.8906 1.8139
532 3.7797 2.0547 1.7250
533 3.9243 2.0859 1.8383
534 3.8976 2.1211 1.7765
535 3.6807 1.9258 1.7549
536 3.6632 1.9180 1.7452
537 3.8040 2.0195 1.7845
538 3.7780 2.0000 1.7780
539 3.9073 2.1094 1.7979
540 3.9807 2.1523 1.8284
541 3.7611 1.9844 1.7767
542 3.8550 2.0312 1.8238
543 3.7555 2.0000 1.7555
544 3.7855 2.0156 1.7699
545 3.7060 1.8984 1.8076
546 3.8083 1.9922 1.8161
547 3.8307 2.0469 1.7838
548 3.7579 1.9883 1.7697
549 3.7776 1.9961 1.7815
550 3.6995 1.9687 1.7308
551 3.7899 2.0430 1.7469
552 3.7329 1.9648 1.7680
553 3.6296 1.8867 1.7429
554 3.7498 1.9883 1.7615
555 3.9322 2.0859 1.8463
556 3.7186 1.9766 1.7421
557 3.7345 2.0039 1.7306
558 3.8514 2.0508 1.8006
559 3.6992 1.9258 1.7735
560 3.7438 1.9688 1.7750
561 3.7712 1.9883 1.7829
562 3.6471 1.9023 1.7448
563 3.8945 2.0820 1.8125
564 3.7433 2.0039 1.7394
565 3.6291 1.9180 1.7111
566 3.7816 2.0234 1.7582
567 3.7238 1.9961 1.7277
568 3.7833 1.9844 1.7990
569 3.8532 2.0742 1.7790
570 3.7107 1.9648 1.7459
571 3.7315 1.9805 1.7510
572 3.7749 2.0703 1.7045
573 3.7385 2.0195 1.7189
574 3.6743 1.9883 1.6860
575 3.7868 1.9922 1.7946
576 3.6491 1.9375 1.7116
577 3.8662 2.1094 1.7569
578 3.7178 1.9883 1.7295
579 3.6438 1.9062 1.7375
580 3.7781 1.9961 1.7820
581 3.7566 2.0234 1.7332
582 3.6519 1.9258 1.7261
583 3.5859 1.8516 1.7343
584 3.7430 1.9531 1.7899
585 3.7973 1.9766 1.8208
586 3.7622 1.9609 1.8013
587 3.8033 2.0703 1.7330
588 3.7386 1.9336 1.8050
589 3.7893 2.0430 1.7463
590 3.7070 1.9336 1.7734
591 3.7101 1.9609 1.7492
592 3.6443 1.9297 1.7147
593 3.8184 1.9805 1.8380
594 3.7980 1.9922 1.8058
595 3.7420 2.0312 1.7108
596 3.7643 2.0117 1.7526
597 3.7597 2.0430 1.7167
598 3.7908 2.0352 1.7557
599 3.8275 2.0547 1.7729
600 3.7218 1.9961 1.7257
601 3.7319 2.0000 1.7319
602 3.7305 2.0469 1.6836
603 3.7818 2.0391 1.7428
604 3.6171 1.9219 1.6952
605 3.7117 2.0000 1.7117
606 3.8323 2.0391 1.7932
607 3.6864 1.9883 1.6981
608 3.8338 2.0898 1.7440
609 3.7350 2.0195 1.7155
610 3.7283 1.9648 1.7635
611 3.7730 1.9961 1.7769
612 3.7697 2.0234 1.7463
613 3.6891 1.9453 1.7438
614 3.6789 1.9688 1.7102
615 3.6811 1.9805 1.7006
616 3.7317 1.9727 1.7591
617 3.6881 1.9766 1.7115
618 3.7515 1.9961 1.7554
619 3.7556 2.0000 1.7556
620 3.6984 1.9805 1.7180
621 3.7762 2.0156 1.7605
622 3.7124 1.9844 1.7280
623 3.7484 2.0391 1.7094
624 3.6274 1.9336 1.6938
625 3.7403 2.0195 1.7208
626 3.6321 1.8711 1.7610
627 3.7046 1.9219 1.7827
628 3.6818 1.9844 1.6974
629 3.8959 2.1523 1.7435
630 3.6821 1.9844 1.6977
631 3.6527 1.9414 1.7113
632 3.7099 2.0000 1.7099
633 3.7217 1.9922 1.7295
634 3.6959 1.9375 1.7584
635 3.7377 2.0195 1.7181
636 3.6909 1.9766 1.7143
637 3.7623 2.0469 1.7154
638 3.8076 2.0195 1.7881
639 3.7063 2.0352 1.6712
640 3.7911 2.0820 1.7091
641 3.7486 1.9687 1.7799
642 3.7573 2.0273 1.7300
643 3.8228 2.0195 1.8033
644 3.8495 2.0430 1.8065
645 3.7915 2.0625 1.7290
646 3.7920 2.0508 1.7412
647 3.7584 2.0703 1.6880
648 3.6785 1.9219 1.7566
649 3.8091 2.0898 1.7192
650 3.7392 1.9883 1.7510
651 3.7903 2.0625 1.7278
652 3.6812 1.9062 1.7750
653 3.6696 1.9609 1.7087
654 3.6670 1.9805 1.6865
655 3.7871 2.0391 1.7481
656 3.8549 2.1797 1.6752
657 3.8365 2.0703 1.7662
658 3.7624 2.0195 1.7429
659 3.6430 1.9414 1.7015
660 3.6752 1.9492 1.7259
661 3.7888 2.0312 1.7576
662 3.5874 1.9414 1.6460
663 3.6422 1.8711 1.7711
664 3.7701 1.9805 1.7897
665 3.7095 1.9961 1.7134
666 3.6879 1.9492 1.7386
667 3.6958 2.0312 1.6646
668 3.6793 1.9492 1.7300
669 3.7459 2.1055 1.6404
670 3.7022 2.0391 1.6631
671 3.5908 1.9336 1.6572
672 3.5862 1.9219 1.6643
673 3.8066 2.0664 1.7402
674 3.7648 2.0430 1.7218
675 3.7439 2.0664 1.6775
676 3.7109 2.0195 1.6914
677 3.6965 1.8828 1.8137
678 3.7557 2.0469 1.7088
679 3.8645 2.0469 1.8176
680 3.7367 1.9961 1.7406
681 3.8753 2.0234 1.8519
682 3.7588 1.9258 1.8330
683 3.8840 2.0820 1.8020
684 3.7838 1.9453 1.8385
685 3.9705 2.0742 1.8962
686 3.7308 1.9766 1.7542
687 3.8011 1.9922 1.8089
688 3.7598 1.9688 1.7911
689 3.6860 1.9258 1.7602
690 3.8289 2.0547 1.7742
691 3.7014 1.9336 1.7679
692 3.7675 1.9844 1.7831
693 3.7883 2.0117 1.7766
694 3.7790 2.0352 1.7438
695 3.6242 1.9102 1.7140
696 3.7372 1.9844 1.7529
697 3.6897 1.9102 1.7796
698 3.8402 2.0234 1.8168
699 3.8113 1.9609 1.8503
700 3.7875 1.9570 1.8305
701 3.7259 1.9922 1.7337
702 3.6987 1.9609 1.7378
703 3.7170 2.0039 1.7131
704 3.7915 1.9922 1.7993
705 3.7151 1.9297 1.7854
706 3.8757 2.0391 1.8366
707 3.6665 1.8945 1.7719
708 3.7151 1.9375 1.7776
709 3.6070 1.8867 1.7203
710 3.7036 1.9766 1.7270
711 3.8108 2.0234 1.7874
712 3.7679 2.0625 1.7054
713 3.7948 2.0586 1.7362
714 3.7024 1.9297 1.7727
715 3.7718 2.0508 1.7211
716 3.8712 2.0117 1.8595
717 3.7253 1.9766 1.7488
718 3.7172 1.9570 1.7601
719 3.6647 1.8984 1.7663
720 3.7750 1.9688 1.8063
721 3.7978 1.9766 1.8213
722 3.8264 1.9727 1.8538
723 3.6975 1.9688 1.7288
724 3.7531 1.9844 1.7687
725 3.7717 1.9609 1.8108
726 3.7878 1.9297 1.8581
727 3.8409 2.0391 1.8018
728 3.8823 2.0898 1.7924
729 3.8781 2.0781 1.8000
730 3.6757 1.9062 1.7695
731 3.8132 2.0000 1.8132
732 3.8286 1.9883 1.8403
733 3.8662 2.0039 1.8623
734 3.8392 2.0625 1.7767
735 3.7072 1.9727 1.7346
736 3.8550 2.0352 1.8198
737 3.7759 2.0508 1.7251
738 3.6460 1.8594 1.7867
739 3.8044 2.0039 1.8004
740 3.8245 1.9570 1.8675
741 3.7155 1.8828 1.8327
742 3.9053 2.0508 1.8545
743 3.7210 1.9453 1.7757
744 3.7969 2.0156 1.7812
745 3.7995 2.0586 1.7409
746 3.7972 2.0312 1.7660
747 3.8781 2.0664 1.8117
748 3.6567 1.9297 1.7270
749 3.8260 1.9922 1.8338
750 3.6590 1.8789 1.7801
751 3.7377 1.9258 1.8119
752 3.6801 1.9531 1.7270
753 3.7279 1.9805 1.7474
754 3.7615 1.9727 1.7888
755 3.9496 2.0664 1.8832
756 3.7681 1.9883 1.7799
757 3.6825 1.9258 1.7567
758 3.7574 1.9414 1.8160
759 3.6956 1.8945 1.8011
760 3.7862 2.0508 1.7354
761 3.6533 1.9688 1.6845
762 3.7168 1.9531 1.7637
763 3.7365 2.0312 1.7052
764 3.8483 2.0938 1.7545
765 3.7628 2.0117 1.7510
766 3.8290 2.0430 1.7860
767 3.7152 1.9844 1.7308
768 3.6232 1.8672 1.7560
769 3.6372 1.9258 1.7115
770 3.7688 2.0195 1.7493
771 3.6605 1.9414 1.7191
772 3.7389 1.9844 1.7545
773 3.7281 1.9336 1.7945
774 3.7552 2.0156 1.7396
775 3.6518 1.9414 1.7104
776 3.6625 1.9336 1.7289
777 3.7495 1.9648 1.7847
778 3.7228 1.8867 1.8360
779 3.6086 1.8789 1.7297
780 3.6398 1.8984 1.7414
781 3.7664 2.0117 1.7547
782 3.8652 2.0547 1.8105
783 3.8399 2.0469 1.7930
784 3.7463 1.9648 1.7815
785 3.8447 2.0586 1.7861
786 3.6321 1.8867 1.7454
787 3.7394 1.9766 1.7629
788 3.7294 1.9922 1.7373
789 3.6720 1.9062 1.7657
790 3.8368 2.0664 1.7704
791 3.7260 2.0078 1.7182
792 3.8085 2.0039 1.8046
793 3.8242 2.0195 1.8046
794 3.7500 2.0078 1.7422
795 3.7404 1.9453 1.7950
796 3.7189 1.8828 1.8361
797 3.7587 2.0195 1.7391
798 3.7665 1.9609 1.8056
799 3.8033 2.0039 1.7994
800 3.9640 2.1328 1.8312
801 3.8826 2.0195 1.8631
802 3.8118 2.0820 1.7298
803 3.6702 1.9961 1.6741
804 3.8398 2.0703 1.7695
805 3.7931 2.0273 1.7657
806 3.8197 2.0078 1.8119
807 3.7395 2.0117 1.7278
808 3.7897 1.9414 1.8483
809 3.8863 2.0312 1.8550
810 3.7150 1.9414 1.7736
811 3.8862 2.0625 1.8237
812 3.8662 2.0508 1.8154
813 3.8374 2.0312 1.8062
814 4.0250 2.1406 1.8844
815 3.8543 2.0742 1.7801
816 3.9792 2.1211 1.8582
817 3.6723 1.9258 1.7465
818 3.7679 2.0352 1.7328
819 3.8134 2.0000 1.8134
820 3.8208 2.0000 1.8208
821 3.7643 1.9414 1.8229
822 3.7078 1.9805 1.7273
823 3.8611 2.0312 1.8299
824 3.7838 2.0156 1.7682
825 3.7202 1.9570 1.7632
826 3.7250 1.9375 1.7875
827 3.6866 1.9844 1.7022
828 3.6992 1.9102 1.7890
829 3.7527 1.9141 1.8386
830 3.7617 1.9414 1.8203
831 3.8135 2.0469 1.7667
832 3.7766 1.9336 1.8430
833 3.8414 2.0273 1.8141
834 3.8344 1.9648 1.8696
835 3.7457 1.9531 1.7926
836 3.7583 2.0156 1.7427
837 3.7805 2.0352 1.7453
838 3.7213 1.8945 1.8268
839 3.7772 1.9531 1.8240
840 3.7750 1.9453 1.8297
841 3.8495 1.9492 1.9003
842 3.8121 2.0000 1.8121
843 3.7167 1.9531 1.7636
844 3.9249 2.1445 1.7804
845 3.7263 1.9727 1.7537
846 3.7576 2.0195 1.7381
847 3.8478 2.0781 1.7697
848 3.9034 1.9766 1.9269
849 3.7151 1.9297 1.7854
850 3.8167 2.0273 1.7894
851 3.7273 1.9531 1.7741
852 3.7652 1.9883 1.7769
853 3.8173 1.9805 1.8368
854 3.8391 2.0508 1.7884
855 3.8023 1.9805 1.8219
856 3.7543 1.9648 1.7895
857 3.7742 1.9727 1.8016
858 3.8319 2.0781 1.7538
859 3.7789 2.0000 1.7789
860 3.9198 2.0938 1.8261
861 3.8286 2.0664 1.7622
862 3.8649 2.0508 1.8141
863 3.7982 1.9648 1.8333
864 3.7996 2.0117 1.7879
865 3.8484 2.0664 1.7820
866 3.9675 2.0703 1.8972
867 3.8105 1.9531 1.8574
868 3.8976 2.0977 1.7999
869 3.6741 1.8828 1.7913
870 3.9665 2.0938 1.8728
871 3.7751 1.9609 1.8142
872 3.8881 1.9688 1.9193
873 3.7888 1.9766 1.8122
874 3.8158 2.0352 1.7807
875 3.7404 2.0000 1.7404
876 3.7233 1.9453 1.7780
877 3.8264 2.0039 1.8225
878 3.9460 2.1055 1.8405
879 3.9308 2.1055 1.8253
880 3.8177 2.0430 1.7747
881 3.7493 1.9648 1.7844
882 3.9451 2.1055 1.8396
883 3.7766 1.9688 1.8079
884 3.8627 2.0430 1.8197
885 3.5934 1.8906 1.7028
886 3.7007 2.0078 1.6929
887 3.8491 2.0078 1.8413
888 3.8354 2.0625 1.7729
889 3.7501 2.0156 1.7345
890 3.7933 1.9648 1.8284
891 3.6814 1.8945 1.7869
892 3.7641 2.0352 1.7289
893 3.7818 2.0000 1.7818
894 3.7496 2.0195 1.7300
895 3.7627 1.9648 1.7978
896 3.7526 2.0117 1.7409
897 3.7608 1.9883 1.7726
898 3.7179 1.9453 1.7726
899 3.6973 1.9688 1.7285
900 3.6713 1.9570 1.7143
901 3.8643 2.0586 1.8057
902 3.6927 1.9492 1.7435
903 3.9325 2.0469 1.8857
904 3.7515 2.0117 1.7397
905 3.7279 2.0039 1.7240
906 3.7857 1.9102 1.8755
907 3.8352 2.0273 1.8079
908 3.6592 1.9258 1.7334
909 3.8846 2.0625 1.8221
910 3.7700 1.9805 1.7895
911 3.7021 1.9805 1.7216
912 3.7629 2.0117 1.7512
913 3.7126 1.9688 1.7438
914 3.7472 1.9648 1.7824
915 3.6546 1.9375 1.7171
916 3.8050 1.9922 1.8128
917 3.7726 1.9297 1.8429
918 3.6882 1.8906 1.7976
919 3.7210 1.9414 1.7796
920 3.8165 2.0703 1.7462
921 3.7210 1.9727 1.7484
922 3.7091 1.9258 1.7833
923 3.7190 1.9102 1.8089
924 3.7146 1.9922 1.7224
925 3.7868 2.0234 1.7634
926 3.7254 2.0039 1.7215
927 3.6788 1.8984 1.7804
928 3.7618 1.9961 1.7657
929 3.7179 1.9766 1.7413
930 3.7646 1.9883 1.7763
931 3.6939 1.9375 1.7564
932 3.6742 1.9258 1.7484
933 3.7258 2.0273 1.6985
934 3.8027 2.0391 1.7636
935 3.8323 1.9922 1.8401
936 3.5972 1.8906 1.7066
937 3.7168 1.9883 1.7286
938 3.8179 2.0352 1.7828
939 3.7042 1.9844 1.7199
940 3.7049 1.9766 1.7283
941 3.7608 1.9805 1.7803
942 3.7967 2.0273 1.7693
943 3.8020 2.0391 1.7629
944 3.7762 2.0469 1.7293
945 3.7231 2.0273 1.6958
946 3.7147 2.0000 1.7147
947 3.8176 2.0586 1.7590
948 3.7045 2.0273 1.6771
949 3.7996 1.9922 1.8075
950 3.7591 1.9492 1.8099
951 3.7490 1.9570 1.7920
952 3.7596 2.0195 1.7401
953 3.8587 2.0391 1.8196
954 3.7955 2.0508 1.7448
955 3.7999 2.0898 1.7101
956 3.8059 1.9766 1.8293
957 3.7473 1.9883 1.7590
958 3.7161 1.9688 1.7473
959 3.7341 1.9297 1.8045
960 3.6178 1.9062 1.7116
961 3.6781 1.9570 1.7211
962 3.8689 2.0781 1.7908
963 3.7166 1.9766 1.7400
964 3.6226 1.9336 1.6890
965 3.6717 1.9727 1.6990
966 3.6430 1.9883 1.6547
967 3.7527 2.0195 1.7332
968 3.8682 2.1172 1.7510
969 3.8848 2.1289 1.7559
970 3.7493 2.0469 1.7024
971 3.6936 1.8516 1.8421
972 3.8336 1.9648 1.8687
973 3.6721 1.9570 1.7151
974 3.7720 2.0195 1.7525
975 3.6682 1.9453 1.7229
976 3.5480 1.8633 1.6848
977 3.7414 2.0742 1.6672
978 3.7449 2.0195 1.7254
979 3.6933 1.9180 1.7753
980 3.7602 2.0508 1.7094
981 3.6573 1.9492 1.7081
982 3.8974 2.0625 1.8349
983 3.5637 1.8945 1.6692
984 3.8130 2.0586 1.7544
985 3.8430 2.0977 1.7454
986 3.8085 2.0430 1.7655
987 3.7552 1.9531 1.8021
988 3.8463 2.0273 1.8189
989 3.7973 2.0977 1.6997
990 3.6893 1.9570 1.7322
991 3.7575 2.0664 1.6911
992 3.7599 1.9922 1.7677
993 3.8236 2.0508 1.7728
994 3.7594 1.9688 1.7906
995 3.6501 1.9648 1.6852
996 3.6687 1.9023 1.7663
997 3.7097 1.9492 1.7605
998 3.7822 2.0039 1.7783
999 3.7931 1.9883 1.8048
1000 3.7093 1.9844 1.7249
1001 3.7158 1.9648 1.7509
1002 3.5539 1.8672 1.6867
1003 3.7702 2.0000 1.7702
1004 3.8812 2.1172 1.7640
1005 3.6111 1.9102 1.7010
1006 3.6899 1.9453 1.7446
1007 3.6776 2.0469 1.6308
1008 3.7519 2.0352 1.7167
1009 3.8219 2.0312 1.7906
1010 3.6483 2.0117 1.6366
1011 3.7317 2.0547 1.6771
1012 3.5981 1.9141 1.6840
1013 3.7419 1.9688 1.7732
1014 3.7915 2.0117 1.7797
1015 3.6652 1.9492 1.7160
1016 3.7915 2.0742 1.7172
1017 3.6645 1.9531 1.7114
1018 3.7479 2.0273 1.7205
1019 3.7799 1.9609 1.8190
1020 3.7069 2.0273 1.6796
1021 3.6693 1.8984 1.7709
1022 3.8384 2.0352 1.8032
1023 3.7773 2.0234 1.7539
1024 3.6650 1.9375 1.7275
1025 3.8308 2.0977 1.7331
1026 3.8637 2.1133 1.7504
1027 3.8016 2.0312 1.7704
1028 3.7441 1.9570 1.7870
1029 3.9105 2.0312 1.8793
1030 3.7226 1.9805 1.7421
1031 3.6618 1.9766 1.6852
1032 3.7387 1.9336 1.8051
1033 3.7305 2.0156 1.7148
1034 3.6758 2.0391 1.6367
1035 3.8230 2.1406 1.6824
1036 3.7223 1.9414 1.7809
1037 3.7217 2.0586 1.6631
1038 3.8077 2.0586 1.7491
1039 3.6823 1.9883 1.6940
1040 3.7796 2.0312 1.7484
1041 3.6717 1.9375 1.7342
1042 3.6354 1.9805 1.6549
1043 3.8059 2.0234 1.7825
1044 3.7722 1.9961 1.7761
1045 3.8018 2.0234 1.7784
1046 3.9010 2.0273 1.8736
1047 3.7573 2.0117 1.7456
1048 3.7845 2.0430 1.7415
1049 3.7511 2.0078 1.7433
1050 3.8557 2.0234 1.8322
1051 3.7086 1.9180 1.7907
1052 3.7950 2.0664 1.7286
1053 3.7537 2.0586 1.6951
1054 3.7118 2.0117 1.7001
1055 3.7913 2.0625 1.7288
1056 3.6896 2.0117 1.6779
1057 3.7822 2.0391 1.7432
1058 3.7745 2.0234 1.7511
1059 3.8321 2.1055 1.7266
1060 3.7439 1.9570 1.7869
1061 3.8283 2.0938 1.7346
1062 3.6944 1.9062 1.7881
1063 3.6064 1.8828 1.7236
1064 3.7157 1.9062 1.8095
1065 3.8188 2.0703 1.7485
1066 3.7329 1.9375 1.7954
1067 3.8559 2.0859 1.7699
1068 3.7351 1.9805 1.7546
1069 3.6672 1.8672 1.8000
1070 3.7575 1.9805 1.7771
1071 3.8752 2.0820 1.7932
1072 3.7485 2.0469 1.7016
1073 3.8117 2.0859 1.7258
1074 3.8151 1.9727 1.8425
1075 3.7118 1.9375 1.7743
1076 3.7906 2.0664 1.7242
1077 3.7163 1.9102 1.8061
1078 3.9161 2.1367 1.7793
1079 3.7432 2.0625 1.6807
1080 3.8947 2.1406 1.7540
1081 3.7480 2.0078 1.7402
1082 3.8590 2.0898 1.7692
1083 3.7215 1.9531 1.7683
1084 3.7986 2.0195 1.7791
1085 3.8188 2.0703 1.7485
1086 3.7921 2.1016 1.6905
1087 3.6900 1.9336 1.7564
1088 3.7751 2.0273 1.7477
1089 3.8635 2.1172 1.7463
1090 3.8674 2.1406 1.7267
1091 3.7441 2.0000 1.7441
1092 3.7425 2.0078 1.7347
1093 3.7732 2.0273 1.7459
1094 3.6733 1.9766 1.6967
1095 3.8195 2.0820 1.7375
1096 3.7915 2.0000 1.7915
1097 3.7285 2.0078 1.7207
1098 3.7369 1.9570 1.7799
1099 3.6890 1.9492 1.7397
1100 3.9225 2.1055 1.8170
1101 3.7832 2.0352 1.7480
1102 3.7229 1.9336 1.7893
1103 3.7876 2.0039 1.7837
1104 3.9252 2.0391 1.8861
1105 3.7974 2.0195 1.7779
1106 3.6507 1.9297 1.7210
1107 3.8189 2.0586 1.7603
1108 3.8195 2.0234 1.7960
1109 3.7644 1.9844 1.7800
1110 3.7879 2.0039 1.7840
1111 3.7575 2.0352 1.7223
1112 3.8140 2.0469 1.7671
1113 3.7001 1.9414 1.7587
1114 3.7085 1.9336 1.7749
1115 3.6863 1.9453 1.7410
1116 3.7856 2.0156 1.7700
1117 3.6861 1.9297 1.7564
1118 3.7811 2.0039 1.7772
1119 3.7384 2.0391 1.6994
1120 3.7843 2.0312 1.7531
1121 3.7018 1.9492 1.7525
1122 3.8128 2.0508 1.7620
1123 3.8502 2.1016 1.7486
1124 3.6873 1.9727 1.7146
1125 3.7953 1.9883 1.8070
1126 3.6916 1.9258 1.7658
1127 3.7503 1.9844 1.7659
1128 3.8488 1.9648 1.8840
1129 3.8193 2.0625 1.7568
1130 3.8945 2.1250 1.7695
1131 3.8533 2.0039 1.8494
1132 3.8869 2.0508 1.8361
1133 3.7611 1.9609 1.8002
1134 3.6603 1.8867 1.7736
1135 3.8965 2.1211 1.7754
1136 3.9197 2.1211 1.7986
1137 3.7876 1.9883 1.7993
1138 3.6861 1.8984 1.7877
1139 3.7466 1.9609 1.7857
1140 3.6518 1.8672 1.7846
1141 3.7924 1.9922 1.8002
1142 3.6434 1.9219 1.7215
1143 3.7293 1.9648 1.7645
1144 3.6605 1.9141 1.7465
1145 3.8476 2.0352 1.8124
1146 3.6965 1.9570 1.7395
1147 3.7112 1.9258 1.7854
1148 3.7420 2.0117 1.7303
1149 3.8536 2.0898 1.7637
1150 3.8112 2.0352 1.7760
1151 3.6294 1.9297 1.6998
1152 3.7215 1.9844 1.7371
1153 3.7349 1.9922 1.7427
1154 3.7235 2.0430 1.6805
1155 3.7375 2.0117 1.7258
1156 3.8289 2.0117 1.8172
1157 3.7545 2.0312 1.7233
1158 3.8687 2.0859 1.7828
1159 3.5513 1.8867 1.6646
1160 3.7048 1.9844 1.7204
1161 3.6467 1.9688 1.6780
1162 3.7052 2.0039 1.7013
1163 3.6465 1.9336 1.7129
1164 3.7200 1.9961 1.7240
1165 3.7880 2.0508 1.7372
1166 3.8382 2.0703 1.7679
1167 3.8705 1.9922 1.8784
1168 3.7092 1.9570 1.7522
1169 3.7932 2.0586 1.7347
1170 3.8125 2.0039 1.8086
1171 3.6582 1.9453 1.7129
1172 3.6965 1.9805 1.7160
1173 3.8188 2.0977 1.7212
1174 3.8260 1.9961 1.8299
1175 3.8316 1.9922 1.8394
1176 3.7463 2.0117 1.7346
1177 3.8890 2.0586 1.8304
1178 3.8514 2.0703 1.7810
1179 3.7378 1.9336 1.8042
1180 3.6764 1.9492 1.7272
1181 3.7809 2.0195 1.7613
1182 3.8478 2.0117 1.8361
1183 3.7725 1.9023 1.8702
1184 3.8572 1.9258 1.9314
1185 3.8858 2.0156 1.8701
1186 3.7850 2.0156 1.7693
1187 3.8458 2.0078 1.8380
1188 3.7444 2.0000 1.7444
1189 3.7043 1.8984 1.8059
1190 3.7955 2.0312 1.7643
1191 3.9571 2.1211 1.8360
1192 3.8245 1.9531 1.8714
