3 7.4686 2.0547 5.4139
4 7.3820 1.9688 5.4133
5 7.3896 1.9766 5.4130
6 7.5163 2.1055 5.4108
7 7.4529 2.0430 5.4099
8 7.4666 2.0586 5.4080
9 7.4739 2.0664 5.4075
10 7.4759 2.0391 5.4369
11 7.4648 2.0156 5.4492
12 7.7456 2.0039 5.7417
13 7.6688 2.0547 5.6141
14 7.6069 1.9688 5.6382
15 8.0718 2.1055 5.9664
16 7.9785 2.0352 5.9433
17 8.0115 1.9961 6.0154
18 8.2176 1.9297 6.2879
19 8.3917 2.0078 6.3839
20 8.5078 2.0469 6.4609
21 8.1987 2.0703 6.1284
22 7.9229 1.9805 5.9425
23 7.6568 1.9414 5.7154
24 7.6753 2.0156 5.6597
25 7.6223 2.0586 5.5638
26 7.6390 2.0117 5.6273
27 7.5000 1.9883 5.5118
28 7.5029 1.9688 5.5342
29 7.5811 2.0742 5.5069
30 7.4085 1.9844 5.4242
31 7.3989 2.1562 5.2426
32 7.1230 1.8789 5.2441
33 7.1995 1.9297 5.2698
34 7.3470 2.0742 5.2727
35 7.3373 2.0938 5.2435
36 7.2212 1.9531 5.2681
37 7.3692 2.1172 5.2520
38 7.1856 1.9453 5.2403
39 7.4030 2.1133 5.2897
40 7.1370 1.8867 5.2503
41 7.3330 2.0430 5.2901
42 7.2795 2.0195 5.2600
43 7.3485 2.0703 5.2782
44 7.3150 2.0547 5.2603
45 7.1841 1.9102 5.2740
46 7.2600 2.0273 5.2327
47 7.3489 2.0820 5.2668
48 7.2482 2.0000 5.2482
49 7.4228 2.0820 5.3408
50 7.4165 2.1133 5.3032
51 7.4247 2.1055 5.3192
52 7.2846 2.0078 5.2768
53 7.3377 2.0391 5.2987
54 7.3194 2.0234 5.2959
55 7.2645 1.9805 5.2841
56 7.2703 2.0000 5.2703
57 7.2646 1.9845 5.2801
58 7.0741 1.7367 5.3374
59 6.8269 1.4417 5.3852
60 6.3848 1.0002 5.3846
61 6.3721 1.0009 5.3712
62 6.3613 1.0032 5.3581
63 6.3586 1.0004 5.3582
64 6.3350 0.9997 5.3353
65 6.3222 0.9964 5.3258
66 6.3313 1.0068 5.3245
67 6.2912 1.0021 5.2891
68 6.2837 1.0004 5.2833
69 6.2682 1.0006 5.2676
70 6.2842 1.0002 5.2839
71 6.2707 1.0020 5.2687
72 6.2409 1.0004 5.2406
73 6.2925 0.9994 5.2932
74 6.2719 0.9984 5.2735
75 6.2557 0.9999 5.2558
76 6.2870 0.9994 5.2876
77 6.2453 1.0011 5.2442
78 6.2478 1.0006 5.2472
79 6.2450 0.9997 5.2453
80 6.2181 1.0007 5.2174
81 6.2754 0.9996 5.2759
82 6.2400 0.9969 5.2431
83 6.2508 0.9969 5.2539
84 6.2408 0.9993 5.2415
85 6.2161 1.0010 5.2151
86 6.2053 1.0028 5.2025
87 6.1879 1.0017 5.1862
88 6.2452 0.9967 5.2485
89 6.2128 1.0035 5.2093
90 6.2331 1.0009 5.2322
91 6.2150 1.0010 5.2140
92 6.2094 0.9978 5.2116
93 6.2142 1.0024 5.2118
94 6.2342 0.9995 5.2347
95 6.1800 1.0027 5.1773
96 6.1955 1.0000 5.1955
97 6.2317 1.0004 5.2313
98 6.2087 0.9997 5.2089
99 6.2026 1.0005 5.2020
100 6.1813 0.9996 5.1817
101 6.2117 0.9989 5.2128
102 6.1715 0.9999 5.1716
103 6.1783 1.0014 5.1769
104 6.1730 0.9988 5.1741
105 6.1775 1.0030 5.1745
106 6.2245 1.0001 5.2245
107 6.1417 0.9999 5.1418
108 6.1991 0.9989 5.2002
109 6.1629 1.0011 5.1617
110 6.1595 1.0005 5.1590
111 6.1577 0.9992 5.1586
112 6.1656 1.0001 5.1654
113 6.1636 1.0013 5.1623
114 6.1679 1.0001 5.1678
115 6.1020 0.9987 5.1033
116 6.1777 1.0010 5.1767
117 6.1574 1.0002 5.1572
118 6.1640 0.9995 5.1646
119 6.1440 0.9995 5.1444
120 6.1831 1.0005 5.1827
121 6.1716 0.9992 5.1724
122 6.1695 1.0011 5.1683
123 6.1965 1.0001 5.1964
124 6.1755 0.9996 5.1759
125 6.1870 1.0002 5.1868
126 6.1550 0.9987 5.1562
127 6.1529 1.0022 5.1507
128 6.1682 0.9989 5.1693
129 6.1633 1.0021 5.1613
130 6.1571 1.0001 5.1570
131 6.1496 0.9992 5.1504
132 6.1281 1.0006 5.1275
133 6.1507 1.0000 5.1506
134 6.1691 0.9998 5.1694
135 6.1293 1.0001 5.1292
136 6.1626 0.9999 5.1627
137 6.1447 0.9999 5.1448
138 6.1823 0.9978 5.1845
139 6.1626 1.0020 5.1606
140 6.1296 0.9996 5.1300
141 6.1611 1.0016 5.1595
142 6.1317 0.9991 5.1326
143 6.1338 1.0021 5.1317
144 6.1485 0.9999 5.1486
145 6.1649 0.9999 5.1650
146 6.0937 1.0000 5.0937
147 6.1274 0.9997 5.1277
148 6.1465 0.9960 5.1505
149 6.1118 0.9999 5.1119
150 6.1326 0.9992 5.1335
151 6.1056 1.0000 5.1056
152 6.1011 0.9983 5.1028
153 6.1041 1.0016 5.1025
154 6.1183 1.0000 5.1183
155 6.0933 0.9976 5.0957
156 6.0868 1.0016 5.0852
157 6.0756 0.9990 5.0766
158 6.1457 0.9964 5.1493
159 6.0619 0.9993 5.0626
160 6.0952 1.0021 5.0931
161 6.0964 1.0001 5.0963
162 6.0908 1.0001 5.0907
163 6.1330 0.9999 5.1331
164 6.1375 0.9980 5.1395
165 6.0826 1.0009 5.0817
166 6.1019 1.0003 5.1015
167 6.1083 1.0003 5.1080
168 6.1109 0.9997 5.1112
169 6.0769 0.9951 5.0818
170 6.0831 0.9964 5.0867
171 6.0801 1.0025 5.0776
172 6.0639 0.9993 5.0647
173 6.1177 0.9937 5.1240
174 6.1085 1.0026 5.1059
175 6.0807 0.9959 5.0848
176 6.1377 0.9983 5.1394
177 6.0692 0.9998 5.0694
178 6.0937 1.0001 5.0936
179 6.0807 0.9979 5.0828
180 6.0888 1.0008 5.0880
181 6.0462 1.0000 5.0462
182 6.0719 1.0005 5.0714
183 6.0669 1.0015 5.0654
184 6.0942 1.0000 5.0942
185 6.0687 1.0000 5.0687
186 6.0390 1.0000 5.0390
187 6.0519 1.0000 5.0519
188 6.0408 0.9982 5.0426
189 6.0516 1.0012 5.0504
190 6.0293 0.9934 5.0359
191 6.0207 1.0023 5.0184
192 6.0059 1.0001 5.0058
193 6.0335 1.0008 5.0326
194 6.0530 0.9999 5.0530
195 6.0172 1.0003 5.0169
196 6.0090 1.0000 5.0090
197 5.9779 0.9995 4.9784
198 6.0641 1.0001 5.0640
199 6.0216 1.0002 5.0214
200 5.9994 0.9997 4.9998
201 5.9799 1.0006 4.9793
202 6.0029 0.9996 5.0033
203 5.9885 0.9998 4.9887
204 6.0046 1.0002 5.0045
205 6.0287 0.9996 5.0291
206 6.0021 0.9998 5.0023
207 5.9804 0.9969 4.9836
208 5.9985 1.0013 4.9972
209 5.9922 1.0006 4.9916
210 5.9885 1.0001 4.9884
211 5.9957 0.9990 4.9967
212 5.9950 1.0007 4.9943
213 6.0315 1.0000 5.0314
214 5.9548 0.9996 4.9552
215 6.0183 1.0005 5.0178
216 5.9904 1.0009 4.9894
217 5.9989 1.0013 4.9976
218 5.9764 1.0003 4.9760
219 5.9964 1.0011 4.9954
220 5.9907 0.9952 4.9955
221 5.9748 1.0055 4.9692
222 5.9835 0.9998 4.9838
223 5.9588 1.0004 4.9585
224 5.9472 1.0009 4.9463
225 5.9661 1.0001 4.9660
226 5.9548 0.9986 4.9562
227 5.9925 1.0001 4.9924
228 5.9580 0.9959 4.9621
229 5.9553 1.0042 4.9511
230 5.9579 0.9998 4.9580
231 5.9900 1.0003 4.9897
232 5.9595 1.0000 4.9595
233 5.9405 1.0000 4.9405
234 5.9730 0.9984 4.9747
235 5.9596 1.0002 4.9594
236 5.9461 1.0003 4.9458
237 5.9416 1.0008 4.9408
238 5.9346 0.9990 4.9356
239 5.9547 1.0008 4.9539
240 5.9063 0.9999 4.9064
241 5.9043 1.0007 4.9036
242 5.9529 0.9993 4.9535
243 5.9183 1.0004 4.9179
244 5.9078 1.0008 4.9070
245 5.8627 0.9975 4.8652
246 5.9075 1.0028 4.9047
247 5.9159 1.0002 4.9158
248 5.9260 0.9985 4.9275
249 5.9002 1.0030 4.8972
250 5.8563 0.9997 4.8566
251 5.9010 1.0003 4.9007
252 5.9453 1.0014 4.9439
253 5.8810 0.9996 4.8814
254 5.8962 1.0021 4.8941
255 5.8813 1.0001 4.8812
256 5.8641 0.9995 4.8645
257 5.9294 0.9989 4.9305
258 5.9058 1.0010 4.9048
259 5.9295 0.9976 4.9319
260 5.8835 1.0002 4.8832
261 5.9057 1.0001 4.9056
262 5.9159 1.0002 4.9157
263 5.8771 0.9995 4.8776
264 5.8734 1.0001 4.8733
265 5.8876 1.0001 4.8875
266 5.8865 1.0000 4.8865
267 5.8788 0.9977 4.8811
268 5.9189 0.9972 4.9217
269 5.8861 0.9997 4.8864
270 5.8760 1.0002 4.8758
271 5.8865 1.0020 4.8845
272 5.8832 1.0010 4.8823
273 5.8312 0.9972 4.8340
274 5.8816 1.0034 4.8782
275 5.8340 0.9998 4.8342
276 5.8606 0.9974 4.8632
277 5.8376 1.0000 4.8376
278 5.8450 0.9994 4.8456
279 5.8255 1.0011 4.8244
280 5.8396 0.9992 4.8404
281 5.8674 1.0004 4.8671
282 5.8078 1.0015 4.8063
283 5.8348 1.0004 4.8345
284 5.8643 0.9997 4.8646
285 5.8295 1.0006 4.8290
286 5.8258 0.9949 4.8308
287 5.8528 1.0015 4.8513
288 5.7924 1.0017 4.7906
289 5.8106 0.9964 4.8142
290 5.8435 0.9982 4.8453
291 5.8021 0.9982 4.8039
292 5.7938 0.9993 4.7945
293 5.8091 0.9999 4.8091
294 5.7920 1.0002 4.7918
295 5.7946 1.0000 4.7946
296 5.8322 0.9999 4.8323
297 5.7780 1.0001 4.7779
298 5.8173 0.9990 4.8183
299 5.7545 0.9968 4.7576
300 5.8192 1.0025 4.8167
301 5.8226 0.9999 4.8227
302 5.8219 1.0005 4.8215
303 5.7764 0.9973 4.7791
304 5.7542 1.0026 4.7516
305 5.7720 0.9999 4.7721
306 5.7390 1.0016 4.7374
307 5.7947 0.9997 4.7949
308 5.8028 1.0001 4.8027
309 5.8039 1.0005 4.8033
310 5.7538 0.9994 4.7544
311 5.7846 0.9994 4.7852
312 5.7986 0.9969 4.8017
313 5.8014 1.0008 4.8006
314 5.7954 0.9995 4.7959
315 5.7426 0.9986 4.7440
316 5.7936 1.0011 4.7925
317 5.7404 0.9988 4.7416
318 5.6955 0.9996 4.6959
319 5.7515 0.9999 4.7515
320 5.7660 0.9998 4.7661
321 5.7556 1.0002 4.7554
322 5.6911 0.9971 4.6941
323 5.7632 1.0012 4.7619
324 5.7294 0.9985 4.7309
325 5.7621 1.0033 4.7587
326 5.7511 0.9980 4.7531
327 5.7542 1.0045 4.7497
328 5.7410 1.0004 4.7406
329 5.7387 1.0008 4.7379
330 5.7860 1.0021 4.7839
331 5.7096 0.9982 4.7114
332 5.7662 1.0024 4.7638
333 5.7637 1.0002 4.7635
334 5.7340 0.9999 4.7341
335 5.7106 1.0017 4.7089
336 5.7490 0.9990 4.7500
337 5.7287 1.0014 4.7273
338 5.7315 0.9987 4.7329
339 5.7004 1.0030 4.6975
340 5.7054 0.9998 4.7057
341 5.7414 0.9996 4.7418
342 5.6928 1.0016 4.6912
343 5.7488 1.0011 4.7476
344 5.6810 1.0001 4.6809
345 5.7173 0.9980 4.7193
346 5.6810 1.0020 4.6790
347 5.6590 0.9978 4.6612
348 5.6870 0.9980 4.6890
349 5.7107 1.0009 4.7098
350 5.6791 0.9965 4.6826
351 5.6873 1.0010 4.6863
352 5.6726 1.0000 4.6726
353 5.6844 1.0003 4.6841
354 5.6954 0.9999 4.6954
355 5.7769 0.9999 4.7769
356 5.8187 0.9997 4.8190
357 5.6559 0.9981 4.6579
358 5.6663 1.0011 4.6652
359 5.6511 0.9999 4.6512
360 5.7255 0.9992 4.7263
361 5.6847 0.9999 4.6848
362 5.6500 0.9991 4.6509
363 5.6758 1.0016 4.6741
364 5.6806 1.0006 4.6800
365 5.6533 1.0000 4.6533
366 5.6349 0.9998 4.6350
367 5.6472 1.0010 4.6461
368 5.6462 0.9999 4.6462
369 5.6361 0.9999 4.6362
370 5.6919 0.9996 4.6923
371 5.6809 0.9992 4.6817
372 5.6859 1.0008 4.6850
373 5.6632 0.9999 4.6632
374 5.6617 1.0000 4.6618
375 5.6588 0.9972 4.6617
376 5.6819 1.0021 4.6798
377 5.6067 0.9996 4.6071
378 5.6386 0.9947 4.6439
379 5.6585 0.9979 4.6605
380 5.6211 0.9989 4.6221
381 5.6376 0.9993 4.6384
382 5.6271 1.0002 4.6269
383 5.6240 0.9999 4.6241
384 5.6550 0.9992 4.6559
385 5.6152 1.0018 4.6134
386 5.6173 1.0000 4.6174
387 5.6879 1.0002 4.6877
388 5.6074 0.9987 4.6086
389 5.6125 0.9966 4.6159
390 5.5605 1.0007 4.5598
391 5.6213 1.0001 4.6212
392 5.6391 1.0051 4.6340
393 5.6584 1.0007 4.6576
394 5.6177 1.0002 4.6174
395 5.5512 0.9951 4.5561
396 5.5764 1.0024 4.5739
397 5.5783 0.9999 4.5784
398 5.6200 1.0000 4.6200
399 5.6324 1.0013 4.6311
400 5.6186 0.9995 4.6190
401 5.5943 0.9999 4.5943
402 5.5834 0.9992 4.5843
403 5.5912 1.0006 4.5906
404 5.6093 0.9961 4.6132
405 5.6535 1.0012 4.6523
406 5.6299 1.0000 4.6299
407 5.5975 1.0000 4.5974
408 5.5424 1.0003 4.5421
409 5.5444 0.9995 4.5449
410 5.5813 0.9967 4.5845
411 5.5702 1.0043 4.5658
412 5.5672 0.9958 4.5714
413 5.5946 1.0090 4.5856
414 5.5650 1.0000 4.5650
415 5.5423 1.0031 4.5392
416 5.7090 0.9977 4.7113
417 5.5803 0.9998 4.5806
418 5.5872 1.0000 4.5872
419 5.7612 1.0003 4.7609
420 5.6270 1.0000 4.6270
421 5.6555 0.9987 4.6567
422 5.6487 1.0005 4.6482
423 5.6320 0.9983 4.6337
424 5.5778 1.0004 4.5774
425 5.7450 0.9998 4.7452
426 5.7177 0.9987 4.7190
427 5.6149 1.0001 4.6148
428 5.5055 0.9979 4.5077
429 5.5296 1.0008 4.5288
430 5.4896 0.9993 4.4903
431 5.5696 0.9991 4.5705
432 5.5340 0.9997 4.5343
433 5.5810 0.9978 4.5832
434 5.5984 0.9995 4.5988
435 5.5340 1.0026 4.5314
436 5.5388 0.9958 4.5430
437 5.5924 1.0011 4.5913
438 5.7087 1.0001 4.7086
439 5.5492 1.0006 4.5487
440 5.7220 0.9997 4.7222
441 5.5064 0.9976 4.5087
442 5.6859 1.0027 4.6832
443 5.5183 0.9994 4.5189
444 5.4745 0.9941 4.4804
445 5.5928 1.0032 4.5897
446 5.5252 1.0000 4.5252
447 5.5525 1.0005 4.5520
448 5.5813 1.0000 4.5813
449 5.9315 0.9996 4.9319
450 5.9038 0.9980 4.9058
451 5.5579 1.0000 4.5579
452 5.4977 1.0000 4.4977
453 5.4968 1.0011 4.4957
454 5.4569 1.0014 4.4555
455 5.4826 1.0000 4.4826
456 5.5168 1.0000 4.5168
457 5.4517 1.0009 4.4509
458 5.4732 0.9987 4.4745
459 5.5443 0.9998 4.5445
460 5.5312 0.9979 4.5333
461 5.4382 1.0028 4.4354
462 5.4707 1.0000 4.4707
463 5.5002 0.9999 4.5003
464 5.4493 1.0002 4.4491
465 5.4917 0.9994 4.4924
466 5.5255 0.9976 4.5279
467 5.5336 1.0005 4.5330
468 5.4386 1.0000 4.4387
469 5.4759 0.9996 4.4763
470 5.5012 1.0006 4.5006
471 5.4823 0.9953 4.4870
472 5.4644 1.0001 4.4643
473 5.5500 1.0000 4.5500
474 5.4378 1.0007 4.4372
475 5.4583 1.0001 4.4582
476 5.4933 1.0003 4.4931
477 5.4441 0.9993 4.4449
478 5.4879 1.0003 4.4876
479 5.4275 1.0000 4.4275
480 5.4705 0.9999 4.4706
481 5.4879 0.9997 4.4881
482 5.4491 0.9996 4.4495
483 5.4009 1.0000 4.4009
484 5.3858 0.9981 4.3878
485 5.3701 1.0032 4.3669
486 5.4055 1.0002 4.4054
487 5.4477 1.0000 4.4476
488 5.4579 1.0003 4.4575
489 5.4025 0.9995 4.4030
490 5.4082 1.0010 4.4073
491 5.4420 1.0000 4.4420
492 5.4029 0.9999 4.4030
493 5.4311 0.9991 4.4321
494 5.3878 0.9958 4.3919
495 5.3912 0.9995 4.3917
496 5.4130 1.0005 4.4124
497 5.3989 1.0021 4.3968
498 5.3783 1.0000 4.3783
499 5.3566 1.0002 4.3563
500 5.4073 0.9978 4.4095
501 5.4743 1.0012 4.4730
502 5.4822 0.9990 4.4832
503 5.3930 1.0012 4.3918
504 5.3710 0.9987 4.3723
505 5.3681 1.0039 4.3642
506 5.3628 0.9986 4.3642
507 5.4060 1.0045 4.4015
508 5.3554 0.9991 4.3563
509 5.3382 1.0006 4.3376
510 5.3948 1.0020 4.3929
511 5.3308 1.0012 4.3296
512 5.3599 1.0013 4.3586
513 5.4156 0.9996 4.4160
514 5.4140 1.0007 4.4134
515 5.5123 0.9998 4.5125
516 5.4169 0.9999 4.4170
517 5.3863 1.0001 4.3862
518 5.5533 1.0008 4.5525
519 5.4400 1.0000 4.4400
520 5.3925 0.9996 4.3928
521 5.4740 0.9993 4.4748
522 5.4982 1.0002 4.4981
523 5.5326 1.0012 4.5314
524 5.4906 0.9997 4.4909
525 5.3644 0.9993 4.3650
526 5.4985 1.0011 4.4974
527 5.4131 0.9999 4.4132
528 5.5964 1.0000 4.5964
529 5.5869 0.9996 4.5873
530 5.5005 1.0003 4.5002
531 5.6625 1.0000 4.6625
532 5.5412 0.9976 4.5436
533 5.4098 1.0008 4.4090
534 5.3992 0.9982 4.4009
535 5.4150 1.0031 4.4119
536 5.3997 1.0001 4.3996
537 5.3562 1.0006 4.3556
538 5.3728 1.0013 4.3715
539 5.3221 1.0001 4.3219
540 5.3456 0.9975 4.3482
541 5.3839 1.0006 4.3834
542 5.3581 1.0004 4.3576
543 5.3772 0.9992 4.3780
544 5.3115 1.0008 4.3108
545 5.3464 1.0000 4.3464
546 5.3513 1.0015 4.3498
547 5.3187 0.9977 4.3210
548 5.3739 1.0030 4.3709
549 5.2824 0.9999 4.2825
550 5.3288 1.0006 4.3282
551 5.3098 0.9995 4.3103
552 5.2951 1.0010 4.2941
553 5.3129 0.9995 4.3134
554 5.3678 1.0012 4.3666
555 5.3883 0.9996 4.3887
556 5.2932 0.9970 4.2962
557 5.3542 1.0032 4.3509
558 5.2939 0.9997 4.2942
559 5.2826 0.9970 4.2856
560 5.4760 1.0010 4.4750
561 5.3788 0.9998 4.3791
562 5.3317 0.9984 4.3334
563 5.4359 0.9996 4.4364
564 5.5225 0.9994 4.5230
565 5.3017 1.0000 4.3017
566 5.3494 1.0000 4.3494
567 5.3769 0.9995 4.3773
568 5.4058 1.0004 4.4053
569 5.3360 0.9946 4.3413
570 5.4114 1.0054 4.4060
571 5.6902 0.9975 4.6927
572 5.6157 0.9997 4.6160
573 5.6073 1.0000 4.6073
574 5.9923 1.0001 4.9922
575 5.5577 1.0001 4.5576
576 5.3006 0.9996 4.3010
577 5.3661 0.9987 4.3673
578 5.4569 0.9991 4.4578
579 5.3825 1.0018 4.3807
580 5.2995 1.0003 4.2993
581 5.2678 0.9999 4.2679
582 5.2773 1.0000 4.2773
583 5.2480 1.0004 4.2475
584 5.2890 0.9960 4.2930
585 5.3646 1.0042 4.3604
586 5.2562 0.9972 4.2589
587 5.3334 0.9994 4.3340
588 5.2974 1.0033 4.2940
589 5.3519 1.0002 4.3516
590 5.3941 1.0000 4.3940
591 5.3660 1.0047 4.3612
592 5.2913 1.0006 4.2907
593 5.2155 0.9942 4.2213
594 5.4254 1.0008 4.4246
595 5.2815 1.0014 4.2802
596 5.3275 1.0014 4.3262
597 5.3462 1.0002 4.3461
598 5.3294 1.0000 4.3294
599 5.4600 0.9996 4.4604
600 5.4087 0.9982 4.4105
601 5.3585 0.9994 4.3591
602 5.4164 1.0001 4.4163
603 5.3348 1.0000 4.3348
604 5.3112 0.9997 4.3115
605 5.4394 0.9989 4.4405
606 5.3324 1.0017 4.3306
607 5.5558 0.9986 4.5572
608 5.7160 1.0000 4.7160
609 5.5622 1.0001 4.5621
610 5.3659 1.0001 4.3658
611 5.3032 0.9997 4.3035
612 5.3546 1.0001 4.3545
613 5.3150 0.9997 4.3153
614 5.5222 1.0004 4.5217
615 5.3486 0.9999 4.3487
616 5.3067 1.0004 4.3063
617 5.2633 0.9986 4.2647
618 5.2173 1.0017 4.2157
619 5.2580 1.0000 4.2580
620 5.3006 0.9993 4.3013
621 5.3150 1.0005 4.3146
622 5.3276 0.9995 4.3281
623 5.2891 0.9994 4.2897
624 5.6717 0.9958 4.6759
625 5.8250 1.0044 4.8205
626 5.4217 0.9981 4.4237
627 5.6477 1.0039 4.6438
628 5.4493 1.0001 4.4492
629 5.2948 0.9994 4.2954
630 5.4465 1.0001 4.4464
631 5.2759 1.0000 4.2759
632 5.2664 0.9986 4.2677
633 5.2599 0.9995 4.2604
634 5.1739 1.0000 4.1738
635 5.1867 0.9986 4.1880
636 5.2431 0.9998 4.2434
637 5.2105 0.9999 4.2106
638 5.2063 1.0007 4.2056
639 5.1572 0.9956 4.1616
640 5.2056 1.0026 4.2031
641 5.3676 1.0012 4.3664
642 5.3393 1.0004 4.3389
643 5.2425 0.9995 4.2430
644 5.2241 1.0005 4.2236
645 5.2448 0.9970 4.2478
646 5.4019 1.0006 4.4014
647 5.1919 1.0015 4.1904
648 5.5405 1.0004 4.5401
649 5.3934 1.0009 4.3924
650 5.4942 0.9976 4.4965
651 5.6370 0.9901 4.6469
652 5.6951 0.9999 4.6952
653 5.3453 1.0017 4.3436
654 5.4457 1.0004 4.4452
655 5.6316 1.0049 4.6267
656 6.2025 0.9953 5.2072
657 5.3749 1.0090 4.3659
658 5.8799 1.0005 4.8794
659 6.8103 0.9999 5.8104
660 5.9279 0.9981 4.9298
661 5.6415 0.9987 4.6428
662 5.2548 1.0002 4.2546
663 5.1900 1.0000 4.1899
664 5.1361 0.9999 4.1361
665 5.2665 0.9995 4.2670
666 5.1390 0.9993 4.1397
667 5.1642 1.0007 4.1635
668 5.2239 0.9995 4.2244
669 5.2500 1.0001 4.2499
670 5.1289 0.9991 4.1299
671 5.2275 0.9988 4.2287
672 5.2642 0.9953 4.2689
673 5.2448 1.0022 4.2425
674 5.1657 1.0000 4.1658
675 5.2330 1.0011 4.2320
676 5.0506 0.9977 4.0529
677 5.2479 1.0030 4.2448
678 5.1906 0.9992 4.1915
679 5.2194 0.9997 4.2197
680 5.2517 1.0000 4.2517
681 5.4082 0.9993 4.4089
682 5.3519 0.9982 4.3538
683 5.3224 1.0010 4.3214
684 5.3241 0.9997 4.3244
685 5.2033 0.9998 4.2035
686 5.3505 0.9992 4.3512
687 5.1351 1.0003 4.1348
688 5.1844 1.0001 4.1843
689 5.2518 1.0003 4.2515
690 5.1558 0.9988 4.1570
691 5.3837 1.0004 4.3833
692 5.4457 1.0004 4.4453
693 5.1055 0.9993 4.1062
694 5.1857 0.9989 4.1868
695 5.1138 0.9996 4.1142
696 5.0625 0.9966 4.0660
697 5.0979 0.9996 4.0983
698 5.1164 0.9961 4.1203
699 5.2862 0.9999 4.2863
700 5.2170 0.9982 4.2188
701 5.2459 0.9985 4.2474
702 5.4022 0.9982 4.4040
703 5.1022 0.9989 4.1032
704 5.2612 0.9998 4.2614
705 5.6665 1.0013 4.6652
706 5.6250 1.0005 4.6245
707 5.5801 0.9961 4.5840
708 5.4071 1.0016 4.4055
709 5.1869 1.0016 4.1853
710 5.1515 1.0026 4.1489
711 5.2854 1.0003 4.2851
712 5.3392 1.0010 4.3382
713 5.8568 0.9990 4.8578
714 5.5742 1.0004 4.5738
715 5.5463 0.9994 4.5469
716 5.3319 0.9977 4.3342
717 5.2006 0.9998 4.2008
718 4.9639 1.0042 3.9597
719 5.0418 0.9990 4.0428
720 5.0611 1.0025 4.0586
721 5.0687 1.0026 4.0661
722 4.9713 0.9989 3.9724
723 4.9846 1.0041 3.9806
724 4.9408 0.9982 3.9426
725 5.0650 0.9991 4.0659
726 5.0153 0.9998 4.0155
727 5.0517 1.0000 4.0517
728 5.1202 1.0000 4.1202
729 5.1474 0.9998 4.1477
730 5.0124 1.0002 4.0122
731 5.0339 0.9991 4.0349
732 5.1302 1.0007 4.1295
733 5.5423 0.9992 4.5431
734 5.4897 1.0003 4.4895
735 5.0170 0.9997 4.0173
736 5.0173 0.9996 4.0177
737 5.0483 0.9995 4.0488
738 5.0909 0.9995 4.0914
739 5.0089 1.0006 4.0083
740 4.9649 1.0000 3.9649
741 4.9413 0.9989 3.9423
742 4.9423 1.0008 3.9415
743 4.9981 0.9996 3.9985
744 5.1160 0.9994 4.1166
745 4.9636 0.9990 3.9646
746 4.9836 1.0003 3.9833
747 4.9731 0.9993 3.9738
748 4.9645 0.9999 3.9646
749 4.9843 1.0001 3.9842
750 4.8826 0.9983 3.8843
751 4.9961 0.9989 3.9972
752 4.8567 1.0010 3.8557
753 5.0729 1.0005 4.0724
754 4.9645 0.9972 3.9672
755 5.3012 0.9956 4.3056
756 6.1883 1.0025 5.1858
757 5.8150 0.9992 4.8158
758 5.4219 1.0001 4.4218
759 4.9739 0.9999 3.9741
760 4.9341 0.9996 3.9345
761 5.1866 0.9982 4.1884
762 5.0883 1.0012 4.0871
763 4.9359 0.9998 3.9360
764 4.9869 0.9976 3.9894
765 5.0923 1.0007 4.0915
766 4.9946 1.0005 3.9941
767 4.9259 1.0000 3.9259
768 4.8719 0.9998 3.8721
769 4.8718 0.9936 3.8782
770 4.9534 1.0047 3.9486
771 5.0158 0.9990 4.0168
772 5.2290 0.9997 4.2293
773 5.2926 1.0008 4.2918
774 5.0152 0.9988 4.0164
775 5.6547 1.0023 4.6523
776 5.2716 0.9960 4.2756
777 5.0091 0.9948 4.0143
778 5.3955 1.0010 4.3945
779 4.9501 1.0004 3.9497
780 5.2199 1.0010 4.2189
781 4.9505 1.0002 3.9503
782 4.7693 0.9966 3.7727
783 4.9151 1.0025 3.9126
784 5.1899 0.9983 4.1916
785 5.0629 0.9996 4.0632
786 4.8415 0.9997 3.8418
787 4.8978 0.9926 3.9052
788 4.9099 0.9994 3.9104
789 5.1029 0.9987 4.1043
790 5.2749 0.9969 4.2779
791 4.9717 1.0082 3.9635
792 4.9883 1.0017 3.9866
793 4.8310 0.9997 3.8313
794 4.9892 1.0064 3.9828
795 4.7469 0.9989 3.7480
796 4.7703 0.9978 3.7725
797 4.8805 0.9968 3.8837
798 5.1221 1.0019 4.1202
799 4.8150 0.9999 3.8151
800 5.2688 0.9997 4.2692
801 4.7443 0.9964 3.7479
802 4.8570 1.0031 3.8539
803 4.9154 0.9998 3.9156
804 4.8372 0.9999 3.8373
805 4.8777 0.9984 3.8793
806 4.8589 0.9987 3.8602
807 4.9514 0.9963 3.9552
808 5.1116 0.9972 4.1144
809 4.8789 0.9919 3.8870
810 4.9903 1.0019 3.9884
811 4.8399 1.0010 3.8389
812 4.8125 1.0001 3.8125
813 4.8964 0.9989 3.8975
814 4.8725 1.0006 3.8720
815 4.9148 0.9998 3.9150
816 4.7745 0.9992 3.7752
817 4.7862 1.0009 3.7853
818 4.8018 1.0001 3.8017
819 4.9798 1.0003 3.9795
820 5.1551 0.9974 4.1577
821 5.3013 0.9985 4.3027
822 5.2992 1.0015 4.2977
823 4.9059 0.9998 3.9061
824 5.1228 0.9998 4.1231
825 4.9835 0.9982 3.9853
826 4.9524 0.9969 3.9555
827 4.9046 1.0020 3.9025
828 4.8766 0.9972 3.8794
829 5.0019 1.0054 3.9965
830 5.1143 0.9980 4.1163
831 5.1540 1.0029 4.1511
832 5.0408 1.0007 4.0401
833 4.8960 0.9998 3.8962
834 4.7911 1.0008 3.7903
835 4.8995 0.9985 3.9009
836 4.8267 1.0008 3.8258
837 4.7503 0.9991 3.7512
838 4.9528 0.9983 3.9545
839 5.0107 0.9998 4.0109
840 4.8601 0.9999 3.8602
841 4.9355 1.0005 3.9350
842 4.8426 0.9958 3.8468
843 4.8945 1.0025 3.8919
844 4.8784 0.9999 3.8785
845 4.8567 0.9985 3.8582
846 5.3960 1.0006 4.3955
847 4.9213 0.9999 3.9215
848 5.3957 0.9953 4.4004
849 4.8716 1.0030 3.8686
850 4.9250 0.9967 3.9284
851 5.1109 0.9989 4.1120
852 4.9015 0.9976 3.9038
853 5.1788 1.0003 4.1784
854 5.0999 0.9970 4.1029
855 5.1594 1.0004 4.1591
856 4.9073 1.0000 3.9073
857 4.9496 1.0000 3.9496
858 4.7001 0.9997 3.7004
859 4.8812 0.9974 3.8838
860 4.7721 0.9996 3.7724
861 4.9333 1.0009 3.9324
862 4.9110 1.0001 3.9110
863 5.0498 1.0009 4.0489
864 5.4220 0.9978 4.4242
865 5.6347 1.0008 4.6339
866 4.8106 1.0000 3.8106
867 4.9544 0.9990 3.9554
868 5.1983 0.9996 4.1987
869 4.8146 0.9963 3.8183
870 4.8227 0.9995 3.8233
871 4.7426 0.9997 3.7429
872 4.6847 0.9991 3.6856
873 4.9316 0.9999 3.9317
874 4.8135 0.9987 3.8148
875 4.7796 0.9999 3.7797
876 4.8055 1.0003 3.8051
877 4.8620 0.9999 3.8621
878 4.7535 1.0005 3.7531
879 4.8432 0.9990 3.8442
880 4.7527 1.0002 3.7524
881 4.8494 1.0002 3.8492
882 4.7482 0.9925 3.7557
883 4.7226 0.9965 3.7261
884 4.6981 1.0002 3.6980
885 4.8008 0.9986 3.8023
886 4.8702 1.0002 3.8701
887 4.9916 0.9999 3.9916
888 4.7971 0.9996 3.7975
889 4.9464 0.9981 3.9483
890 4.8136 0.9988 3.8148
891 4.7279 1.0023 3.7256
892 4.8059 0.9997 3.8061
893 4.8299 0.9986 3.8313
894 4.7096 1.0017 3.7080
895 5.2054 0.9997 4.2057
896 5.2312 0.9995 4.2318
897 5.2764 1.0007 4.2757
898 4.8011 1.0000 3.8011
899 4.9106 0.9974 3.9132
900 5.4356 1.0008 4.4348
901 4.8986 1.0006 3.8981
902 4.6964 1.0004 3.6960
903 4.7233 1.0006 3.7227
904 4.8888 1.0000 3.8888
905 4.6758 0.9971 3.6787
906 4.8313 1.0024 3.8289
907 5.3383 0.9982 4.3401
908 5.5108 0.9999 4.5109
909 4.7179 0.9998 3.7182
910 4.7067 0.9984 3.7083
911 4.6841 1.0008 3.6833
912 4.6853 0.9986 3.6866
913 4.6592 0.9922 3.6670
914 4.6662 1.0043 3.6618
915 4.7355 0.9949 3.7406
916 4.7989 0.9998 3.7991
917 4.7620 0.9992 3.7629
918 4.7760 0.9991 3.7769
919 4.6873 1.0001 3.6873
920 4.7477 0.9977 3.7500
921 4.6244 0.9989 3.6255
922 4.6003 1.0003 3.6001
923 4.6971 1.0002 3.6969
924 4.6851 1.0007 3.6844
925 4.6738 0.9984 3.6754
926 4.6509 0.9923 3.6586
927 4.8465 1.0070 3.8395
928 4.6825 1.0009 3.6816
929 4.7125 1.0018 3.7108
930 4.5939 1.0000 3.5939
931 4.6875 1.0014 3.6861
932 4.4994 0.9985 3.5009
933 4.6579 0.9990 3.6589
934 4.7875 0.9992 3.7883
935 4.6104 0.9965 3.6139
936 4.7016 1.0006 3.7010
937 4.6527 0.9982 3.6545
938 4.6001 0.9989 3.6012
939 4.6432 1.0000 3.6432
940 4.6785 0.9997 3.6788
941 4.7174 0.9997 3.7177
942 4.6999 1.0005 3.6994
943 4.5445 0.9932 3.5513
944 4.7777 1.0011 3.7766
945 4.7385 1.0034 3.7352
946 4.6720 1.0032 3.6688
947 4.6154 1.0001 3.6153
948 4.6515 1.0003 3.6511
949 4.7558 0.9971 3.7587
950 5.1204 1.0021 4.1184
951 4.8027 1.0000 3.8027
952 4.6969 0.9990 3.6979
953 4.6520 1.0007 3.6513
954 4.7288 1.0001 3.7287
955 4.6183 1.0000 3.6183
956 4.5650 0.9999 3.5651
957 4.4645 0.9990 3.4654
958 4.6093 0.9993 3.6099
959 4.6067 1.0004 3.6063
960 4.5083 0.9996 3.5087
961 4.4607 0.9980 3.4628
962 4.5423 0.9972 3.5451
963 4.5548 1.0019 3.5529
964 4.6902 1.0001 3.6901
965 4.5606 0.9989 3.5617
966 4.5655 0.9913 3.5741
967 4.7483 1.0058 3.7425
968 4.5603 1.0006 3.5597
969 4.5555 1.0010 3.5544
970 4.5347 0.9955 3.5392
971 4.5535 1.0032 3.5503
972 4.5380 0.9980 3.5400
973 4.5719 1.0001 3.5718
974 4.6399 1.0008 3.6392
975 4.4819 1.0003 3.4816
976 4.4644 0.9999 3.4644
977 4.5434 0.9982 3.5453
978 4.5679 1.0017 3.5662
979 4.6201 1.0000 3.6201
980 4.6747 1.0001 3.6746
981 4.5360 0.9967 3.5393
982 4.5602 1.0011 3.5591
983 4.6522 0.9997 3.6525
984 4.4931 0.9992 3.4938
985 4.6065 1.0003 3.6062
986 4.5966 1.0040 3.5926
987 4.5647 0.9948 3.5699
988 4.6312 1.0083 3.6229
989 4.6030 1.0013 3.6017
990 4.4974 1.0007 3.4966
991 4.7011 0.9984 3.7027
992 4.6018 1.0029 3.5988
993 4.8822 1.0001 3.8820
994 4.5503 0.9982 3.5521
995 4.7978 0.9997 3.7981
996 4.5359 0.9998 3.5361
997 4.6292 1.0000 3.6292
998 4.5542 1.0003 3.5539
999 5.2180 0.9999 4.2181
1000 4.6403 0.9999 3.6404
1001 4.5753 1.0001 3.5752
1002 4.5351 0.9997 3.5354
1003 4.8042 0.9999 3.8042
1004 4.8122 0.9998 3.8124
1005 4.5138 0.9998 3.5140
1006 4.5506 0.9969 3.5538
1007 4.6003 0.9997 3.6006
1008 4.5161 1.0007 3.5154
1009 4.6073 0.9981 3.6092
1010 4.5196 1.0033 3.5162
1011 4.4669 1.0002 3.4667
1012 4.5674 1.0002 3.5672
1013 4.5781 0.9997 3.5784
1014 4.5726 0.9983 3.5743
1015 4.5418 1.0012 3.5407
1016 4.4978 0.9995 3.4982
1017 4.5286 0.9995 3.5291
1018 4.6151 1.0016 3.6134
1019 4.3901 0.9895 3.4006
1020 4.5155 1.0092 3.5063
1021 4.5845 1.0030 3.5815
1022 4.4557 0.9984 3.4572
1023 4.5562 0.9991 3.5571
1024 4.5079 0.9966 3.5113
1025 4.4772 1.0005 3.4767
1026 4.4452 1.0003 3.4449
1027 4.5347 1.0002 3.5345
1028 4.6297 1.0001 3.6296
1029 4.6527 0.9932 3.6595
1030 4.7475 1.0055 3.7420
1031 4.5237 1.0007 3.5230
1032 4.4399 0.9995 3.4404
1033 4.4572 0.9990 3.4582
1034 4.5188 1.0006 3.5183
1035 4.3689 0.9941 3.3748
1036 4.6043 1.0046 3.5997
1037 4.8321 1.0001 3.8320
1038 4.7405 0.9963 3.7441
1039 4.7667 1.0000 3.7667
1040 4.5941 0.9961 3.5979
1041 4.6150 1.0018 3.6132
1042 4.8933 1.0000 3.8932
1043 4.5269 0.9986 3.5283
1044 4.4899 1.0009 3.4890
1045 4.5508 1.0009 3.5499
1046 4.4930 0.9995 3.4935
1047 4.4379 0.9985 3.4395
1048 4.5248 0.9985 3.5263
1049 4.4782 1.0003 3.4780
1050 4.4508 0.9995 3.4513
1051 4.4509 0.9986 3.4523
1052 4.4994 1.0007 3.4987
1053 4.4695 0.9998 3.4697
1054 4.5968 0.9999 3.5969
1055 4.4200 0.9988 3.4212
1056 4.4458 0.9992 3.4466
1057 4.5347 0.9951 3.5397
1058 4.4619 1.0029 3.4590
1059 4.3595 0.9939 3.3656
1060 4.4334 1.0008 3.4326
1061 4.3909 0.9959 3.3950
1062 4.5296 1.0013 3.5283
1063 4.4442 0.9999 3.4443
1064 4.4509 0.9997 3.4512
1065 4.5542 1.0001 3.5541
1066 4.5042 0.9983 3.5059
1067 4.4743 0.9989 3.4754
1068 4.4563 0.9989 3.4574
1069 4.6145 0.9995 3.6151
1070 4.5614 1.0030 3.5584
1071 4.5918 1.0015 3.5902
1072 4.3646 0.9998 3.3648
1073 4.5059 1.0015 3.5043
1074 4.4212 0.9925 3.4287
1075 4.6958 1.0028 3.6930
1076 4.4198 1.0002 3.4196
1077 4.7176 0.9976 3.7200
1078 4.6459 1.0048 3.6411
1079 4.5447 0.9977 3.5470
1080 4.4930 0.9994 3.4936
1081 4.5604 1.0046 3.5558
1082 4.5493 0.9938 3.5554
1083 4.4660 1.0004 3.4656
1084 4.4091 0.9999 3.4091
1085 4.5226 0.9998 3.5228
1086 4.4831 0.9988 3.4844
1087 4.4381 0.9941 3.4439
1088 4.4278 1.0054 3.4224
1089 4.4352 1.0056 3.4295
1090 4.4450 1.0004 3.4445
1091 4.5075 0.9994 3.5081
1092 4.4666 1.0002 3.4664
1093 4.5276 1.0008 3.5268
1094 4.4505 0.9964 3.4541
1095 4.5095 0.9954 3.5141
1096 4.3953 0.9983 3.3970
1097 4.4186 1.0008 3.4177
1098 4.4104 1.0001 3.4103
1099 4.4363 1.0003 3.4360
1100 4.5009 1.0002 3.5007
1101 4.4967 0.9999 3.4968
1102 4.5626 0.9994 3.5632
1103 4.4296 0.9998 3.4299
1104 4.4090 0.9991 3.4099
1105 4.4405 1.0003 3.4402
1106 4.5178 1.0005 3.5173
1107 4.4664 0.9993 3.4671
1108 4.4242 0.9982 3.4260
1109 4.5563 1.0003 3.5561
1110 4.9222 0.9952 3.9270
1111 4.7326 0.9997 3.7329
1112 4.3829 0.9997 3.3831
1113 4.3413 1.0001 3.3412
1114 4.4312 1.0001 3.4311
1115 4.3811 0.9998 3.3813
1116 4.4609 1.0003 3.4607
1117 4.4518 0.9974 3.4544
1118 4.4736 0.9991 3.4745
1119 4.5194 1.0013 3.5181
1120 4.5477 0.9974 3.5503
1121 4.4061 1.0004 3.4058
1122 4.5662 0.9934 3.5728
1123 4.4758 0.9995 3.4763
1124 4.5144 1.0028 3.5117
1125 4.5690 0.9987 3.5703
1126 4.4374 0.9995 3.4380
1127 4.5601 0.9959 3.5642
1128 4.5727 0.9977 3.5750
1129 4.4863 0.9998 3.4865
1130 4.4514 0.9968 3.4546
1131 4.4396 1.0003 3.4393
1132 4.4916 0.9998 3.4918
1133 4.4140 1.0016 3.4123
1134 4.4664 0.9997 3.4667
1135 4.3847 0.9981 3.3866
1136 4.4293 1.0027 3.4266
1137 4.4322 1.0000 3.4322
1138 4.4569 1.0010 3.4559
1139 4.5352 0.9999 3.5353
1140 4.4471 0.9992 3.4479
1141 4.5512 0.9980 3.5532
1142 4.3903 0.9999 3.3905
1143 4.4718 0.9988 3.4731
1144 4.5496 1.0003 3.5494
1145 4.6077 1.0000 3.6076
1146 4.4892 1.0008 3.4884
1147 4.4306 1.0000 3.4307
1148 4.3757 1.0003 3.3753
1149 4.4020 0.9999 3.4021
1150 4.5603 0.9982 3.5621
1151 4.4174 1.0005 3.4169
1152 4.3407 0.9971 3.3436
1153 4.3776 1.0010 3.3766
1154 4.4932 0.9994 3.4938
1155 4.5721 0.9997 3.5724
1156 4.5643 0.9972 3.5671
1157 4.4882 1.0004 3.4878
1158 4.3599 0.9915 3.3684
1159 4.4956 1.0037 3.4919
1160 4.4374 1.0008 3.4366
1161 4.3407 1.0000 3.3407
1162 4.5238 0.9999 3.5239
1163 4.4315 0.9994 3.4320
1164 4.5078 1.0005 3.5073
1165 4.5526 1.0010 3.5516
1166 4.5018 0.9976 3.5042
1167 4.5231 1.0006 3.5225
1168 4.4441 0.9989 3.4452
1169 4.4650 0.9954 3.4696
1170 4.3261 1.0005 3.3256
1171 4.3812 1.0007 3.3805
1172 4.5161 0.9980 3.5181
1173 4.3963 0.9969 3.3994
1174 4.4377 1.0010 3.4366
1175 4.3622 0.9986 3.3635
1176 4.3638 1.0000 3.3638
1177 4.4076 0.9998 3.4077
1178 4.5017 1.0000 3.5017
1179 4.4224 0.9987 3.4237
1180 4.3677 1.0000 3.3676
1181 4.4269 0.9967 3.4302
1182 4.4700 1.0013 3.4687
1183 4.4325 0.9991 3.4334
1184 4.3645 1.0000 3.3644
1185 4.4742 0.9994 3.4749
1186 4.3232 0.9981 3.3250
1187 4.3815 0.9999 3.3816
1188 4.5164 1.0028 3.5136
1189 4.3969 0.9986 3.3983
1190 4.4372 0.9987 3.4385
1191 4.4126 0.9980 3.4146
1192 4.4814 1.0013 3.4801
1193 4.4205 1.0000 3.4205
1194 4.5836 1.0005 3.5832
1195 4.4208 0.9983 3.4224
1196 4.4200 0.9992 3.4208
1197 4.4901 0.9950 3.4952
1198 4.3843 1.0037 3.3807
1199 4.3114 0.9948 3.3166
1200 4.4638 1.0003 3.4635
1201 4.3987 1.0008 3.3980
1202 4.4914 0.9996 3.4917
1203 4.4024 1.0009 3.4015
1204 4.3925 0.9978 3.3947
1205 4.4346 1.0030 3.4316
1206 4.2953 0.9978 3.2975
1207 4.4360 1.0002 3.4358
1208 4.4704 1.0008 3.4695
1209 4.4032 1.0006 3.4026
1210 4.3693 0.9999 3.3694
1211 4.4284 0.9998 3.4286
1212 4.3854 0.9998 3.3856
1213 4.3776 0.9998 3.3778
1214 4.4054 1.0003 3.4051
1215 4.3759 1.0005 3.3754
1216 4.4187 0.9983 3.4204
1217 4.3431 0.9968 3.3463
1218 4.3836 1.0022 3.3815
1219 4.4001 0.9995 3.4006
1220 4.3434 0.9985 3.3449
1221 4.4187 0.9972 3.4215
1222 4.3686 1.0016 3.3670
1223 4.4729 0.9999 3.4730
1224 4.5269 0.9998 3.5271
1225 4.4366 0.9956 3.4410
1226 4.4857 0.9965 3.4891
1227 4.4942 1.0035 3.4908
1228 4.3357 0.9999 3.3357
1229 4.3284 1.0008 3.3276
1230 4.3801 0.9978 3.3822
1231 4.3207 0.9949 3.3258
1232 4.3303 1.0039 3.3264
1233 4.4809 1.0000 3.4810
1234 4.3011 1.0013 3.2998
1235 4.4784 1.0007 3.4777
1236 4.4741 0.9993 3.4749
1237 4.5310 1.0017 3.5293
1238 4.4122 0.9998 3.4124
1239 4.4806 1.0010 3.4795
1240 4.4288 0.9993 3.4295
1241 4.2339 0.9998 3.2341
1242 4.3356 0.9988 3.3367
1243 4.2822 0.9986 3.2836
1244 4.3462 0.9999 3.3464
1245 4.3618 0.9986 3.3632
1246 4.3714 1.0003 3.3711
1247 4.4301 0.9968 3.4333
1248 4.3949 0.9996 3.3953
1249 4.3799 1.0012 3.3787
1250 4.3319 1.0007 3.3312
1251 4.3587 0.9991 3.3596
1252 4.4774 1.0012 3.4761
1253 4.5415 0.9998 3.5417
1254 4.3436 0.9997 3.3439
1255 4.2980 1.0000 3.2979
1256 4.3184 0.9985 3.3199
1257 4.4128 1.0018 3.4109
1258 4.3920 0.9984 3.3936
1259 4.2605 0.9948 3.2657
1260 4.3320 0.9986 3.3333
1261 4.4242 1.0015 3.4227
1262 4.2577 0.9996 3.2581
1263 4.3061 0.9996 3.3064
1264 4.4402 0.9963 3.4439
1265 4.4021 1.0018 3.4003
1266 4.2264 1.0001 3.2263
1267 4.2953 0.9997 3.2956
1268 4.5328 1.0015 3.5313
1269 4.2836 1.0000 3.2836
1270 4.3295 0.9993 3.3302
1271 4.2554 1.0020 3.2535
1272 4.2414 1.0000 3.2414
1273 4.2231 1.0008 3.2223
1274 4.2893 1.0002 3.2891
1275 4.3477 0.9972 3.3504
1276 4.2067 0.9910 3.2158
1277 4.3384 1.0081 3.3303
1278 4.3555 0.9998 3.3557
1279 4.3927 1.0072 3.3855
