11 6.6058 1.1569 5.4489
12 5.7992 0.3723 5.4269
13 5.9061 0.4993 5.4069
14 5.6815 0.2764 5.4050
15 5.5893 0.1954 5.3939
16 5.5426 0.1639 5.3787
17 5.5344 0.1583 5.3761
18 5.5183 0.1637 5.3545
19 7.0955 1.7613 5.3342
20 5.4966 0.1701 5.3264
21 5.4547 0.1301 5.3246
22 5.4111 0.1149 5.2961
23 5.4169 0.1385 5.2784
24 5.4548 0.1583 5.2964
25 5.3373 0.1011 5.2362
26 5.3969 0.1321 5.2648
27 5.3365 0.1122 5.2243
28 5.5719 0.3407 5.2312
29 5.2708 0.1057 5.1651
30 5.5352 0.1531 5.3821
31 5.7027 0.5799 5.1228
32 5.2076 0.0941 5.1135
33 5.2455 0.1056 5.1399
34 5.1647 0.1097 5.0549
35 5.5445 0.3873 5.1572
36 5.1877 0.0999 5.0878
37 5.0743 0.0857 4.9885
38 5.1327 0.1590 4.9737
39 5.1428 0.0998 5.0430
40 5.1064 0.1243 4.9821
41 5.2929 0.3432 4.9496
42 4.9730 0.1177 4.8552
43 5.0412 0.1212 4.9199
44 5.0619 0.2058 4.8561
45 5.0045 0.1784 4.8262
46 5.1411 0.1052 5.0358
47 4.9229 0.0950 4.8279
48 4.9453 0.1270 4.8183
49 5.7312 0.8960 4.8353
50 4.8603 0.0952 4.7650
51 5.0147 0.1184 4.8963
52 4.8892 0.0918 4.7974
53 4.9565 0.1573 4.7991
54 5.4492 0.7305 4.7187
55 4.8139 0.0948 4.7191
56 4.8578 0.0993 4.7585
57 4.8724 0.1205 4.7519
58 4.8285 0.1027 4.7257
59 4.9275 0.2319 4.6955
60 4.7732 0.0921 4.6811
61 4.8797 0.1050 4.7748
62 4.9257 0.0941 4.8316
63 4.8181 0.0967 4.7214
64 4.9370 0.2907 4.6463
65 4.6691 0.0929 4.5762
66 4.9053 0.1133 4.7920
67 4.7490 0.1018 4.6472
68 4.8009 0.1065 4.6944
69 4.8590 0.1392 4.7198
70 4.7614 0.1755 4.5859
71 4.6960 0.0844 4.6116
72 4.7242 0.0929 4.6313
73 4.8192 0.1330 4.6862
74 4.8125 0.1088 4.7038
75 5.1978 0.6068 4.5910
76 4.6673 0.0849 4.5824
77 4.6873 0.1061 4.5812
78 4.7018 0.0919 4.6099
79 4.6404 0.0753 4.5651
80 4.7231 0.0678 4.6553
81 4.7614 0.0930 4.6683
82 4.6357 0.1568 4.4789
83 4.6488 0.0660 4.5828
84 4.6300 0.0981 4.5319
85 4.6581 0.0897 4.5684
86 4.6670 0.0960 4.5710
87 4.8327 0.1259 4.7068
88 4.5564 0.0742 4.4822
89 4.7679 0.0823 4.6857
90 4.6169 0.0818 4.5351
91 4.5915 0.0876 4.5039
92 4.6586 0.0808 4.5778
93 4.7177 0.0905 4.6273
94 4.8336 0.3004 4.5332
95 4.6824 0.0888 4.5936
96 4.6032 0.0881 4.5152
97 4.5800 0.0881 4.4919
98 4.6723 0.1015 4.5708
99 4.6214 0.0743 4.5471
100 4.6220 0.0800 4.5420
101 5.2002 0.7098 4.4905
102 4.6484 0.0840 4.5644
103 4.5714 0.0824 4.4890
104 4.5998 0.0906 4.5092
105 4.6268 0.0792 4.5476
106 4.5010 0.0786 4.4223
107 4.8283 0.2183 4.6099
108 4.5471 0.0776 4.4695
109 4.6346 0.0854 4.5492
110 4.7376 0.0713 4.6663
111 4.7195 0.1068 4.6127
112 4.5078 0.0882 4.4196
113 4.6584 0.1772 4.4812
114 4.5264 0.0764 4.4501
115 4.6491 0.0860 4.5631
116 4.7123 0.1018 4.6105
117 4.7900 0.3415 4.4485
118 4.6246 0.0815 4.5431
119 4.6183 0.0760 4.5423
120 4.5827 0.0741 4.5086
121 4.5616 0.0974 4.4642
122 4.6251 0.1019 4.5233
123 4.7247 0.0857 4.6390
124 4.7434 0.2174 4.5261
125 4.4427 0.0707 4.3720
126 4.6832 0.0905 4.5927
127 4.6037 0.0848 4.5189
128 4.6691 0.1234 4.5457
129 4.5776 0.1356 4.4420
130 4.5038 0.0732 4.4306
131 4.5846 0.1038 4.4808
132 4.6935 0.0915 4.6021
133 4.6317 0.1165 4.5151
134 5.0306 0.3466 4.6839
135 4.4804 0.0649 4.4155
136 4.6989 0.0768 4.6221
137 4.5214 0.0903 4.4311
138 4.5976 0.0845 4.5131
139 4.6179 0.0986 4.5193
140 4.6767 0.2173 4.4593
141 4.4815 0.0790 4.4025
142 4.5494 0.0839 4.4656
143 4.5155 0.0771 4.4384
144 4.5983 0.0795 4.5189
145 4.6817 0.0932 4.5884
146 5.0333 0.5726 4.4607
147 4.4627 0.0820 4.3807
148 4.5681 0.0917 4.4763
149 4.5537 0.0915 4.4622
150 4.4290 0.0841 4.3449
151 4.7973 0.2901 4.5073
152 4.5141 0.0893 4.4248
153 4.6885 0.1157 4.5728
154 4.5437 0.1198 4.4239
155 4.6377 0.1137 4.5240
156 4.4505 0.0768 4.3737
157 4.6339 0.1022 4.5317
158 4.5935 0.0968 4.4967
159 4.5079 0.1043 4.4037
