2 11.4794 2.0039 9.4755
3 8.1314 2.0312 6.1001
4 9.8133 1.9560 7.8573
5 7.6938 1.9879 5.7058
6 8.4126 1.8749 6.5378
7 7.5758 1.6802 5.8956
8 7.5710 1.7738 5.7972
9 6.8802 1.5091 5.3711
10 6.2447 1.3500 4.8947
11 5.9573 1.1328 4.8244
12 5.5577 0.8687 4.6890
13 5.3360 0.7078 4.6282
14 5.2966 0.7449 4.5518
15 5.3173 0.7583 4.5590
16 5.3662 0.7470 4.6192
17 5.4094 0.8560 4.5534
18 5.3399 0.8068 4.5331
19 5.3803 0.8601 4.5202
20 5.5118 0.9672 4.5446
21 5.4160 0.8518 4.5642
22 5.2178 0.6843 4.5335
23 5.2187 0.6951 4.5237
24 5.3118 0.7635 4.5483
27 5.4002 0.9790 4.4212
28 4.5703 0.3531 4.2172
29 5.2868 0.6799 4.6069
30 5.2385 0.5733 4.6651
31 5.0292 0.3198 4.7094
32 4.9815 0.4274 4.5541
33 4.8726 0.4693 4.4033
34 4.7226 0.4570 4.2656
35 4.7606 0.5109 4.2497
36 4.7089 0.5307 4.1782
37 4.4668 0.4652 4.0016
38 4.5793 0.5298 4.0494
39 4.6124 0.5487 4.0638
40 4.5568 0.5048 4.0520
41 4.6110 0.4822 4.1288
42 4.4725 0.4144 4.0582
43 4.3105 0.2977 4.0129
44 4.2887 0.3238 3.9650
45 4.2696 0.2823 3.9873
46 4.1948 0.2675 3.9273
47 4.1716 0.2020 3.9697
48 4.1323 0.1767 3.9556
49 4.0606 0.1785 3.8821
50 4.2090 0.2268 3.9822
51 4.1180 0.1869 3.9310
52 4.1972 0.2577 3.9395
53 4.1695 0.1914 3.9781
54 4.2272 0.1353 4.0919
55 4.3609 0.1773 4.1836
56 4.3848 0.1695 4.2152
57 4.5927 0.2555 4.3372
58 4.5439 0.2400 4.3039
59 4.4691 0.2872 4.1819
60 4.5553 0.3201 4.2352
61 4.8195 0.3070 4.5125
62 4.9646 0.3146 4.6500
63 4.8344 0.2665 4.5679
64 4.9083 0.2857 4.6226
65 5.0861 0.3027 4.7834
66 5.1160 0.3168 4.7993
67 4.9629 0.3104 4.6525
68 4.7076 0.2791 4.4285
69 4.7237 0.2971 4.4266
70 4.4031 0.2301 4.1730
71 4.3772 0.2342 4.1430
72 4.5180 0.2388 4.2792
73 4.4137 0.1816 4.2322
74 4.3977 0.1948 4.2029
75 4.4699 0.1801 4.2898
76 4.3307 0.1966 4.1341
77 4.4708 0.1715 4.2993
78 4.3755 0.1576 4.2179
79 4.3065 0.1764 4.1301
80 4.2445 0.1860 4.0585
81 4.1704 0.1317 4.0388
82 4.2059 0.1297 4.0762
83 4.2408 0.1485 4.0923
84 4.3876 0.1327 4.2549
85 4.3701 0.1626 4.2075
86 4.3211 0.2047 4.1165
87 4.4824 0.1753 4.3071
88 4.3315 0.2151 4.1164
89 4.2431 0.1694 4.0737
90 4.1451 0.1710 3.9741
91 4.2104 0.1756 4.0348
92 4.1347 0.1404 3.9943
93 4.2032 0.1375 4.0657
94 4.2396 0.1461 4.0936
95 4.0998 0.1469 3.9529
96 4.2383 0.1836 4.0547
97 4.1203 0.1823 3.9380
98 4.0583 0.1562 3.9022
99 4.0373 0.1302 3.9072
100 3.9991 0.1239 3.8752
101 4.0625 0.1176 3.9449
102 4.1233 0.1319 3.9913
103 4.0898 0.1524 3.9374
104 4.0919 0.1306 3.9613
105 4.1772 0.2158 3.9614
106 4.1555 0.2066 3.9489
107 4.0332 0.1641 3.8691
108 4.0928 0.1993 3.8935
109 4.0512 0.1782 3.8730
110 4.0187 0.1897 3.8290
111 4.2194 0.2679 3.9515
112 4.1407 0.2015 3.9392
113 3.9630 0.1482 3.8148
114 4.0497 0.1697 3.8801
115 4.1211 0.2138 3.9074
116 4.0574 0.1993 3.8582
117 4.0393 0.1706 3.8687
118 4.0730 0.1701 3.9029
119 4.0527 0.1833 3.8693
120 3.9855 0.1696 3.8159
121 4.0188 0.1898 3.8290
122 4.0077 0.1903 3.8175
123 4.0301 0.2043 3.8257
124 4.0211 0.1443 3.8768
125 4.0516 0.1830 3.8686
126 4.0794 0.2088 3.8706
127 4.0457 0.1947 3.8510
128 4.2104 0.2221 3.9883
129 4.0505 0.1823 3.8681
130 4.0210 0.1838 3.8373
131 4.0172 0.1841 3.8331
132 4.0749 0.1815 3.8934
133 4.0819 0.1585 3.9234
134 4.1944 0.2310 3.9634
135 4.0720 0.1736 3.8984
136 4.0940 0.1717 3.9223
137 4.1217 0.2020 3.9197
138 4.1074 0.1959 3.9115
139 4.0569 0.1667 3.8902
140 4.0201 0.1756 3.8444
141 4.0333 0.1780 3.8553
142 4.0734 0.1954 3.8780
143 4.0954 0.2184 3.8770
144 4.0468 0.1633 3.8835
145 4.0774 0.1461 3.9313
146 4.1397 0.1744 3.9654
147 4.1616 0.1428 4.0188
148 3.9991 0.1253 3.8737
149 4.0485 0.1408 3.9077
150 4.0219 0.1701 3.8518
151 3.9471 0.1375 3.8096
152 3.9747 0.1639 3.8108
153 4.0745 0.1655 3.9090
154 4.0364 0.1438 3.8925
155 4.0442 0.1829 3.8613
156 4.0385 0.1384 3.9001
157 4.0550 0.1967 3.8583
158 4.1258 0.1331 3.9927
159 4.0792 0.2163 3.8629
160 3.9733 0.1471 3.8262
161 4.0023 0.1347 3.8676
162 4.1540 0.1727 3.9813
163 4.0347 0.1599 3.8748
164 3.9822 0.1533 3.8290
165 3.9968 0.1426 3.8542
166 4.0580 0.1804 3.8776
167 4.1356 0.1778 3.9578
168 4.1473 0.2109 3.9363
169 4.0380 0.2001 3.8379
170 4.0006 0.1723 3.8283
171 4.0049 0.1830 3.8219
172 3.9787 0.1473 3.8314
173 4.1704 0.1618 4.0086
174 4.0499 0.1449 3.9050
175 4.0678 0.1505 3.9173
176 4.1292 0.2029 3.9263
177 4.1720 0.1700 4.0021
178 4.0564 0.1643 3.8921
179 4.0300 0.1274 3.9026
180 3.9843 0.1372 3.8471
181 3.8903 0.1233 3.7670
182 4.0218 0.1122 3.9095
183 4.0069 0.1316 3.8753
184 4.0638 0.1351 3.9287
185 4.0823 0.1505 3.9318
186 3.9922 0.1483 3.8439
187 3.9468 0.1409 3.8059
188 4.0002 0.1287 3.8714
189 4.0049 0.1622 3.8427
190 4.0593 0.1565 3.9028
191 3.9954 0.1739 3.8215
192 3.9410 0.1466 3.7943
193 3.9804 0.1165 3.8639
194 3.9774 0.1255 3.8519
195 3.9157 0.1634 3.7523
196 4.0401 0.1655 3.8746
197 3.9711 0.1254 3.8457
198 3.9916 0.1513 3.8402
199 3.9563 0.1344 3.8219
200 3.9395 0.1443 3.7952
201 3.9721 0.1309 3.8412
202 3.9541 0.1494 3.8047
203 4.0306 0.1345 3.8961
204 4.0068 0.1194 3.8874
205 3.9541 0.1188 3.8353
206 3.9210 0.1102 3.8108
207 4.0507 0.1204 3.9303
208 3.9046 0.1203 3.7843
209 3.9511 0.1634 3.7877
210 3.9496 0.1171 3.8325
211 3.9221 0.1250 3.7972
212 4.0205 0.1514 3.8691
213 3.9566 0.1094 3.8472
214 3.9433 0.1507 3.7926
215 3.9278 0.1305 3.7973
216 4.1224 0.1685 3.9539
217 3.9471 0.1391 3.8081
218 3.9966 0.1362 3.8605
219 4.0346 0.1490 3.8856
220 4.0110 0.1546 3.8564
221 3.9531 0.1550 3.7981
222 3.9827 0.1611 3.8216
223 3.9918 0.1660 3.8257
224 4.0789 0.1474 3.9315
225 3.9977 0.1562 3.8415
226 3.9747 0.1276 3.8472
227 3.9134 0.1572 3.7562
228 3.9505 0.1329 3.8176
229 3.9751 0.1571 3.8180
230 4.0218 0.1612 3.8606
231 3.9190 0.1387 3.7803
232 3.9255 0.1397 3.7858
233 3.9687 0.1958 3.7729
234 4.0348 0.1891 3.8457
235 4.0780 0.1955 3.8824
236 3.9296 0.1560 3.7736
237 3.9004 0.1517 3.7487
238 3.9092 0.1493 3.7599
239 3.9325 0.1644 3.7681
240 3.8643 0.1384 3.7259
241 3.9670 0.1876 3.7794
242 3.9808 0.1558 3.8250
243 3.9058 0.1458 3.7600
244 3.9756 0.1741 3.8015
245 4.0041 0.1866 3.8175
246 3.8899 0.1488 3.7411
247 3.9346 0.1848 3.7498
248 3.9733 0.1725 3.8008
249 4.1908 0.1992 3.9915
250 4.1083 0.2319 3.8764
251 3.9968 0.1804 3.8164
252 4.0149 0.1791 3.8358
253 4.0453 0.1739 3.8714
254 3.9577 0.1409 3.8168
255 4.1035 0.1549 3.9486
256 4.1111 0.1436 3.9674
257 4.0915 0.1535 3.9381
258 4.0240 0.1519 3.8720
259 4.1358 0.1932 3.9426
260 4.0195 0.1619 3.8575
261 4.0313 0.1435 3.8878
262 3.9273 0.1472 3.7801
263 3.9465 0.1485 3.7980
264 3.8658 0.1258 3.7400
265 3.9631 0.1612 3.8019
266 3.9694 0.1476 3.8219
267 3.8922 0.1074 3.7847
268 3.9192 0.1269 3.7923
269 3.9117 0.1359 3.7758
270 3.8833 0.1538 3.7295
271 4.0833 0.1682 3.9151
272 4.0814 0.1390 3.9424
273 4.0043 0.1680 3.8363
274 4.0300 0.1247 3.9053
275 3.9135 0.1295 3.7840
276 3.9301 0.1236 3.8065
277 3.9333 0.1466 3.7867
278 3.8348 0.1585 3.6764
279 3.8593 0.1377 3.7216
280 3.8820 0.1547 3.7273
281 3.8398 0.1426 3.6971
282 3.9463 0.1436 3.8028
283 3.9393 0.1564 3.7829
284 3.8978 0.1608 3.7371
285 3.8845 0.1710 3.7135
286 3.8775 0.1062 3.7713
287 3.8705 0.1420 3.7286
288 3.9500 0.1605 3.7896
289 3.8861 0.1371 3.7490
290 3.9068 0.1398 3.7670
291 3.9279 0.1664 3.7615
292 3.8496 0.1300 3.7197
293 3.9002 0.1392 3.7609
294 3.9515 0.1534 3.7981
295 3.9993 0.1721 3.8272
296 3.8501 0.1261 3.7241
297 3.8020 0.1271 3.6749
298 3.9511 0.1630 3.7881
299 3.8190 0.1104 3.7086
300 3.7496 0.1008 3.6488
301 3.8418 0.1383 3.7035
302 3.8566 0.1480 3.7086
303 3.8991 0.1394 3.7597
304 3.9503 0.1611 3.7892
305 3.8787 0.1453 3.7334
306 3.9276 0.1532 3.7744
307 3.9035 0.1493 3.7542
308 3.8750 0.1569 3.7181
309 3.9082 0.1495 3.7587
310 3.8173 0.1338 3.6835
311 3.8358 0.1398 3.6960
312 3.9201 0.1521 3.7680
313 3.8738 0.1175 3.7563
314 3.9099 0.1352 3.7748
315 3.8326 0.1185 3.7141
316 3.8834 0.1776 3.7059
317 3.8921 0.1242 3.7679
318 3.8874 0.1281 3.7593
319 3.7018 0.1052 3.5966
320 3.8296 0.1399 3.6897
321 3.7993 0.1347 3.6646
322 3.8471 0.1837 3.6634
323 3.8910 0.1491 3.7418
324 3.8705 0.1769 3.6937
325 3.9572 0.1818 3.7754
326 3.8841 0.1425 3.7416
327 3.8334 0.1462 3.6872
328 3.9153 0.1964 3.7189
329 3.7970 0.1459 3.6511
330 3.8532 0.1671 3.6862
331 3.8371 0.1284 3.7087
332 3.8001 0.1089 3.6913
333 3.8165 0.1308 3.6857
334 3.8352 0.1489 3.6863
335 3.8376 0.1686 3.6689
336 3.7559 0.1299 3.6259
337 3.8723 0.1416 3.7307
338 3.8545 0.1456 3.7089
339 3.8544 0.1674 3.6871
340 3.7497 0.1395 3.6102
341 3.7747 0.1012 3.6735
342 3.8542 0.1541 3.7001
343 3.7530 0.1195 3.6335
344 3.8317 0.1590 3.6727
345 3.7983 0.1449 3.6534
346 3.8000 0.1455 3.6545
347 3.7777 0.1209 3.6569
348 3.8107 0.2030 3.6077
349 3.7647 0.1169 3.6479
350 3.8615 0.1589 3.7026
351 3.8676 0.1722 3.6954
352 3.8377 0.1482 3.6895
353 3.8376 0.1514 3.6862
354 3.8445 0.1661 3.6784
355 3.8430 0.1629 3.6801
356 3.8710 0.1630 3.7080
357 3.9120 0.1910 3.7209
358 3.7718 0.1643 3.6075
359 3.6937 0.1280 3.5656
360 3.8195 0.1263 3.6932
361 3.8093 0.1596 3.6497
362 3.8686 0.1653 3.7033
363 3.8072 0.1416 3.6656
364 3.9642 0.2105 3.7536
365 3.7578 0.1480 3.6099
366 3.8044 0.1933 3.6111
367 3.8632 0.1350 3.7283
368 3.8146 0.1439 3.6706
369 3.8248 0.1898 3.6350
370 3.8213 0.1798 3.6415
371 3.8221 0.1709 3.6511
372 3.7646 0.1586 3.6059
373 3.8359 0.1310 3.7050
374 3.8019 0.1788 3.6230
375 3.8288 0.1686 3.6602
376 3.7668 0.1416 3.6251
377 3.7771 0.1397 3.6374
378 3.7926 0.1379 3.6546
379 3.7891 0.1559 3.6332
380 3.8768 0.1860 3.6908
381 3.7863 0.1767 3.6096
382 3.8035 0.1484 3.6550
383 3.7206 0.1771 3.5435
384 3.8565 0.1611 3.6953
385 3.7521 0.1382 3.6139
386 3.8099 0.1333 3.6766
387 3.8738 0.1432 3.7306
388 3.7847 0.1593 3.6254
389 3.7716 0.1413 3.6302
390 3.8086 0.1693 3.6393
391 3.8200 0.1851 3.6349
392 3.8146 0.1709 3.6437
393 3.7953 0.1569 3.6384
394 3.9203 0.1693 3.7510
395 3.8494 0.1918 3.6576
396 3.9010 0.1943 3.7067
397 3.9088 0.1842 3.7245
398 3.8047 0.1593 3.6454
399 3.9173 0.1743 3.7430
400 3.7413 0.1507 3.5907
401 3.7289 0.1658 3.5631
402 3.7734 0.1498 3.6235
403 3.8286 0.1676 3.6610
404 3.7204 0.1642 3.5563
405 3.8190 0.1781 3.6408
406 3.7795 0.1618 3.6177
407 3.8343 0.1703 3.6640
408 3.8503 0.1742 3.6761
409 3.7911 0.1537 3.6374
410 3.8323 0.1687 3.6635
411 3.7138 0.1656 3.5482
412 3.9049 0.2000 3.7049
413 3.8189 0.1654 3.6535
414 3.7323 0.1705 3.5618
415 3.7837 0.1620 3.6218
416 3.7042 0.1749 3.5293
417 3.6487 0.1737 3.4750
418 3.7343 0.1873 3.5469
419 3.6368 0.1904 3.4464
420 3.7109 0.1452 3.5657
421 3.7473 0.1727 3.5746
422 3.8113 0.2116 3.5997
423 3.7787 0.1766 3.6021
424 3.7460 0.1636 3.5824
425 3.6495 0.1258 3.5237
426 3.7484 0.1693 3.5791
427 3.7600 0.1821 3.5778
428 3.6658 0.1617 3.5042
429 3.6907 0.1522 3.5385
430 3.6387 0.1446 3.4941
431 3.6488 0.1611 3.4877
432 3.6466 0.1653 3.4813
433 3.6851 0.1708 3.5142
434 3.7028 0.1720 3.5308
435 3.6633 0.1942 3.4691
436 3.6823 0.1696 3.5127
437 3.6892 0.1735 3.5157
438 3.6324 0.1741 3.4583
439 3.6941 0.1581 3.5361
440 3.6300 0.1954 3.4346
441 3.6413 0.1435 3.4978
442 3.6758 0.1421 3.5336
443 3.7710 0.1795 3.5915
444 3.7049 0.1856 3.5193
445 3.6691 0.1451 3.5241
446 3.5949 0.1833 3.4116
447 3.6282 0.1363 3.4918
448 3.7358 0.1707 3.5651
449 3.6161 0.1336 3.4825
450 3.6616 0.1446 3.5171
451 3.6708 0.1661 3.5047
452 3.6093 0.1336 3.4757
453 3.6666 0.1416 3.5250
454 3.6180 0.1658 3.4522
455 3.6381 0.1467 3.4913
456 3.6447 0.1538 3.4909
457 3.6717 0.1431 3.5287
458 3.6831 0.1624 3.5207
459 3.6500 0.1199 3.5301
460 3.6231 0.1472 3.4759
461 3.6905 0.1677 3.5229
462 3.6224 0.1273 3.4951
463 3.6031 0.1480 3.4552
464 3.6765 0.1546 3.5219
465 3.6937 0.0972 3.5965
466 3.6288 0.1337 3.4951
467 3.5793 0.1521 3.4272
468 3.5771 0.1267 3.4504
469 3.5743 0.1316 3.4427
470 3.5978 0.1704 3.4273
471 3.5473 0.1311 3.4163
472 3.6387 0.1526 3.4861
473 3.5968 0.1847 3.4121
474 3.5862 0.1647 3.4216
475 3.6543 0.1807 3.4736
476 3.5223 0.1498 3.3725
477 3.4972 0.1331 3.3641
478 3.6550 0.1258 3.5292
479 3.6188 0.1595 3.4593
480 3.6827 0.1580 3.5247
481 3.5381 0.1400 3.3981
482 3.6045 0.1646 3.4400
483 3.6893 0.1849 3.5044
484 3.4845 0.1300 3.3544
485 3.5647 0.1510 3.4137
486 3.6323 0.1758 3.4565
487 3.5842 0.1468 3.4375
488 3.5998 0.1426 3.4572
489 3.5753 0.1662 3.4091
490 3.5856 0.1472 3.4384
491 3.5325 0.1396 3.3929
492 3.6239 0.1425 3.4815
493 3.6526 0.1655 3.4870
494 3.5594 0.1420 3.4175
495 3.5239 0.1490 3.3750
496 3.6607 0.1646 3.4962
497 3.5156 0.1326 3.3830
498 3.4748 0.1343 3.3404
499 3.5639 0.1686 3.3954
500 3.4667 0.0998 3.3669
501 3.5509 0.1370 3.4139
502 3.5655 0.1541 3.4114
503 3.5204 0.1358 3.3846
504 3.6057 0.1329 3.4727
505 3.6709 0.1774 3.4935
506 3.5072 0.1540 3.3532
507 3.5979 0.1655 3.4324
508 3.6134 0.1585 3.4549
509 3.5664 0.1493 3.4172
510 3.5730 0.1592 3.4138
511 3.5307 0.1554 3.3753
512 3.5643 0.1645 3.3998
513 3.5464 0.1436 3.4028
514 3.6479 0.1549 3.4929
515 3.5362 0.1867 3.3494
516 3.5996 0.1484 3.4512
517 3.5299 0.1143 3.4156
518 3.6007 0.1631 3.4376
519 3.5775 0.1835 3.3940
520 3.6059 0.1536 3.4522
521 3.5948 0.1426 3.4522
522 3.5837 0.1503 3.4334
523 3.5613 0.1505 3.4108
524 3.7035 0.2199 3.4836
525 3.5321 0.1380 3.3942
526 3.5277 0.1382 3.3895
527 3.5898 0.1502 3.4396
528 3.6273 0.1694 3.4579
529 3.5348 0.1439 3.3909
530 3.6179 0.1874 3.4306
531 3.5596 0.1369 3.4228
532 3.6043 0.1569 3.4475
533 3.6342 0.1785 3.4556
534 3.5718 0.1265 3.4453
535 3.5922 0.1301 3.4621
536 3.7425 0.1519 3.5906
537 3.6157 0.1545 3.4611
538 3.8215 0.1718 3.6497
539 3.8542 0.1663 3.6879
540 3.9331 0.1800 3.7531
541 3.7362 0.2269 3.5093
542 3.7620 0.1729 3.5891
543 3.7621 0.2308 3.5313
544 3.7192 0.1985 3.5207
545 3.6193 0.1422 3.4771
546 3.7490 0.1992 3.5498
547 3.8347 0.2195 3.6153
548 3.6628 0.1953 3.4675
549 3.6447 0.2010 3.4436
550 3.5735 0.2054 3.3681
551 3.5525 0.1522 3.4004
552 3.5249 0.1462 3.3788
553 3.4359 0.1746 3.2612
554 3.5414 0.1633 3.3782
555 3.4114 0.1367 3.2747
556 3.5115 0.1688 3.3427
557 3.4245 0.1477 3.2768
558 3.5196 0.1488 3.3707
559 3.4765 0.1641 3.3124
560 3.5384 0.1709 3.3676
561 3.4950 0.1701 3.3248
562 3.4209 0.1148 3.3061
563 3.5445 0.1891 3.3555
564 3.4841 0.1703 3.3138
565 3.5077 0.1664 3.3413
566 3.4853 0.1400 3.3453
567 3.6330 0.1932 3.4398
568 3.5494 0.1723 3.3771
569 3.4822 0.1477 3.3345
570 3.4648 0.1626 3.3022
571 3.4833 0.1534 3.3299
572 3.5454 0.1974 3.3480
573 3.5085 0.1661 3.3425
574 3.4904 0.2011 3.2892
575 3.5405 0.1658 3.3747
576 3.4580 0.1461 3.3119
577 3.4544 0.1480 3.3064
578 3.5245 0.1847 3.3398
579 3.4504 0.1608 3.2896
580 3.5113 0.2039 3.3074
581 3.3902 0.1561 3.2341
582 3.5352 0.1709 3.3643
583 3.5459 0.1870 3.3589
584 3.3866 0.1541 3.2325
585 3.4616 0.1894 3.2721
586 3.5209 0.1629 3.3580
587 3.5310 0.1585 3.3725
588 3.5468 0.1724 3.3744
589 3.5063 0.1606 3.3458
590 3.4657 0.1543 3.3114
591 3.4080 0.1539 3.2541
592 3.4671 0.1513 3.3158
593 3.3672 0.1742 3.1930
594 3.4365 0.1904 3.2461
595 3.4107 0.1483 3.2623
596 3.4575 0.1408 3.3168
597 3.4267 0.1594 3.2674
598 3.4730 0.1764 3.2966
599 3.4527 0.1736 3.2791
600 3.3897 0.1362 3.2535
601 3.4274 0.1104 3.3169
602 3.5264 0.1487 3.3777
603 3.4438 0.1569 3.2869
604 3.4391 0.1666 3.2725
605 3.6265 0.1821 3.4444
606 3.4344 0.1625 3.2719
607 3.4486 0.1632 3.2854
608 3.6438 0.1730 3.4708
609 3.6061 0.2052 3.4010
610 3.6590 0.1741 3.4850
611 3.5368 0.1518 3.3850
612 3.5564 0.1944 3.3619
613 3.5540 0.1845 3.3695
614 3.3761 0.1502 3.2260
615 3.4626 0.1917 3.2709
616 3.2784 0.1225 3.1559
617 3.4478 0.1622 3.2856
618 3.4223 0.1563 3.2660
619 3.5012 0.1900 3.3111
620 3.4421 0.1722 3.2699
621 3.4911 0.2113 3.2798
622 3.5964 0.1909 3.4055
623 3.4260 0.1707 3.2553
624 3.5920 0.2183 3.3736
625 3.3855 0.1739 3.2116
626 3.4967 0.2111 3.2856
627 3.5014 0.1973 3.3041
628 3.5609 0.2064 3.3545
629 3.5108 0.1938 3.3170
630 3.4888 0.1835 3.3053
631 3.4068 0.1850 3.2218
632 3.3657 0.1617 3.2040
633 3.4797 0.1594 3.3203
634 3.2965 0.1422 3.1542
635 3.4169 0.1647 3.2522
636 3.4391 0.1829 3.2562
637 3.4346 0.1657 3.2689
638 3.4880 0.1721 3.3159
639 3.4964 0.1571 3.3392
640 3.4290 0.2088 3.2202
641 3.4336 0.1733 3.2603
642 3.4647 0.1957 3.2689
643 3.4194 0.1848 3.2346
644 3.3216 0.1604 3.1612
645 3.3104 0.1660 3.1443
646 3.4075 0.1672 3.2403
647 3.3906 0.1548 3.2359
648 3.4170 0.1891 3.2278
649 3.2720 0.1867 3.0853
650 3.3907 0.1483 3.2424
651 3.4427 0.1549 3.2877
652 3.4113 0.2100 3.2013
653 3.3006 0.2070 3.0936
654 3.4912 0.2058 3.2854
655 3.3535 0.1772 3.1763
656 3.3442 0.1720 3.1722
657 3.3894 0.1833 3.2061
658 3.3348 0.2055 3.1293
659 3.4240 0.1740 3.2500
660 3.3802 0.1357 3.2446
661 3.3962 0.1327 3.2635
662 3.3569 0.1547 3.2023
663 3.3423 0.1540 3.1883
664 3.3819 0.1546 3.2273
665 3.3497 0.1643 3.1853
666 3.3189 0.1735 3.1453
667 3.3398 0.1614 3.1783
668 3.3930 0.1602 3.2328
669 3.4076 0.1621 3.2455
670 3.3731 0.1676 3.2055
671 3.4173 0.1650 3.2524
672 3.3592 0.1481 3.2111
673 3.4625 0.1606 3.3020
674 3.4702 0.1907 3.2795
675 3.3704 0.1689 3.2015
676 3.4137 0.1995 3.2143
677 3.4846 0.1903 3.2943
678 3.3899 0.1629 3.2270
679 3.4299 0.1963 3.2337
680 3.4600 0.1795 3.2804
681 3.3363 0.1773 3.1590
682 3.2285 0.1320 3.0965
683 3.4144 0.1669 3.2476
684 3.3034 0.1675 3.1359
685 3.2936 0.1537 3.1400
686 3.2541 0.1685 3.0856
687 3.3448 0.1858 3.1591
688 3.3012 0.1352 3.1660
689 3.2262 0.1528 3.0734
690 3.3437 0.1991 3.1446
691 3.3780 0.1538 3.2242
692 3.3192 0.1822 3.1370
693 3.2885 0.1951 3.0934
694 3.3226 0.1526 3.1700
695 3.4897 0.2355 3.2542
696 3.2382 0.1450 3.0932
697 3.2673 0.1636 3.1036
698 3.3122 0.1736 3.1386
699 3.3002 0.1465 3.1537
700 3.3321 0.1735 3.1586
701 3.2614 0.2093 3.0522
702 3.3071 0.1629 3.1442
703 3.3419 0.1873 3.1546
704 3.3537 0.2063 3.1473
705 3.2253 0.1990 3.0263
706 3.3181 0.1715 3.1466
707 3.3672 0.1952 3.1720
708 3.4448 0.2546 3.1903
709 3.5624 0.2679 3.2945
710 3.5311 0.3109 3.2202
711 3.4526 0.2096 3.2430
712 3.3488 0.1980 3.1508
713 3.3578 0.2183 3.1395
714 3.3366 0.1746 3.1620
715 3.3075 0.2139 3.0937
716 3.2503 0.1709 3.0794
717 3.1276 0.1569 2.9707
718 3.2729 0.1480 3.1249
719 3.3019 0.1822 3.1197
720 3.3354 0.1689 3.1665
721 3.2631 0.1513 3.1118
722 3.3233 0.2222 3.1011
723 3.3724 0.1741 3.1983
724 3.2718 0.1162 3.1556
725 3.3356 0.1762 3.1594
726 3.3158 0.1753 3.1405
727 3.3057 0.1597 3.1460
728 3.3817 0.1831 3.1986
729 3.5012 0.2141 3.2871
730 3.3250 0.1973 3.1277
731 3.2705 0.1437 3.1269
732 3.3733 0.1911 3.1823
733 3.3057 0.1885 3.1171
734 3.3422 0.2008 3.1413
735 3.3853 0.2437 3.1416
736 3.2414 0.2100 3.0314
737 3.2122 0.1754 3.0368
738 3.2464 0.1587 3.0877
739 3.2435 0.1819 3.0616
740 3.2165 0.1942 3.0223
741 3.1754 0.2029 2.9725
742 3.2727 0.2199 3.0528
743 3.3267 0.1733 3.1533
744 3.2283 0.1963 3.0320
745 3.2886 0.1906 3.0981
746 3.3142 0.1914 3.1228
747 3.2382 0.1809 3.0573
748 3.1891 0.1485 3.0405
749 3.2407 0.2039 3.0368
750 3.2904 0.1776 3.1128
751 3.1969 0.1788 3.0181
752 3.2299 0.1592 3.0707
753 3.2139 0.1802 3.0337
754 3.2875 0.1850 3.1026
755 3.2808 0.2281 3.0526
756 3.1810 0.1914 2.9896
757 3.2485 0.1658 3.0827
758 3.2407 0.1883 3.0524
759 3.2105 0.1702 3.0403
760 3.1982 0.1818 3.0164
761 3.2769 0.1933 3.0836
762 3.2314 0.1748 3.0567
763 3.2634 0.1839 3.0795
764 3.2090 0.1670 3.0420
765 3.2170 0.1771 3.0399
766 3.2522 0.1487 3.1034
767 3.2338 0.1938 3.0400
768 3.2100 0.1707 3.0393
769 3.3167 0.2114 3.1053
770 3.2269 0.1421 3.0848
771 3.2086 0.1829 3.0257
772 3.2224 0.1752 3.0473
773 3.1805 0.2024 2.9781
774 3.1739 0.1557 3.0182
775 3.1811 0.1820 2.9991
776 3.2067 0.1846 3.0221
777 3.2056 0.1919 3.0137
778 3.2521 0.2424 3.0097
779 3.2772 0.1804 3.0969
780 3.2041 0.1827 3.0214
781 3.1888 0.2083 2.9805
782 3.2443 0.1839 3.0603
783 3.1451 0.1724 2.9727
784 3.3022 0.1957 3.1065
785 3.2827 0.1948 3.0879
786 3.3327 0.1670 3.1658
787 3.2688 0.1597 3.1091
788 3.2410 0.1788 3.0622
789 3.2795 0.2055 3.0740
790 3.2137 0.1983 3.0154
791 3.2192 0.1676 3.0516
792 3.2369 0.2221 3.0149
793 3.1968 0.1871 3.0096
794 3.1576 0.1698 2.9878
795 3.1731 0.1680 3.0050
796 3.1376 0.1674 2.9703
797 3.1568 0.1635 2.9933
798 3.1950 0.1483 3.0467
799 3.0956 0.1706 2.9250
800 3.2231 0.2089 3.0143
801 3.1428 0.2003 2.9425
802 3.1384 0.1854 2.9530
803 3.0567 0.1820 2.8747
804 3.1899 0.1953 2.9946
805 3.2490 0.1705 3.0785
806 3.0853 0.2106 2.8747
807 3.1166 0.1615 2.9551
808 3.0835 0.1594 2.9241
809 3.1871 0.1852 3.0019
810 3.1723 0.1583 3.0140
811 3.1963 0.2178 2.9785
812 3.0848 0.1740 2.9108
813 3.1317 0.1689 2.9628
814 3.1645 0.1454 3.0191
815 3.2059 0.1816 3.0242
816 3.1857 0.2004 2.9853
817 3.1675 0.1847 2.9828
818 3.1911 0.1911 3.0000
819 4.8108 0.8341 3.9767
820 5.6019 1.0063 4.5956
821 5.8150 1.0254 4.7897
822 5.3025 0.8797 4.4229
823 4.9511 0.8067 4.1444
824 4.6195 0.7031 3.9164
825 4.2683 0.5205 3.7477
826 4.0711 0.5467 3.5244
827 3.8182 0.4760 3.3422
828 3.6181 0.3095 3.3086
829 3.4678 0.3390 3.1288
830 3.4409 0.3028 3.1381
831 3.3352 0.2332 3.1020
832 3.2012 0.1709 3.0303
833 3.2786 0.2237 3.0549
834 3.1521 0.1894 2.9626
835 3.2335 0.1674 3.0660
836 3.2971 0.2044 3.0927
837 3.2613 0.2444 3.0169
838 3.2140 0.2057 3.0083
839 3.2280 0.1517 3.0763
840 3.2334 0.2256 3.0078
841 3.1158 0.1550 2.9608
842 3.0637 0.1550 2.9087
843 3.2158 0.1504 3.0654
844 3.1234 0.1870 2.9364
845 3.1601 0.1829 2.9772
846 3.0659 0.1834 2.8825
847 3.1512 0.1985 2.9527
848 3.1491 0.1468 3.0023
849 3.1647 0.2107 2.9540
850 3.0782 0.1706 2.9076
851 3.0869 0.1553 2.9316
852 3.1342 0.1377 2.9965
853 3.2138 0.1761 3.0377
854 3.0026 0.1257 2.8770
855 3.0977 0.1312 2.9665
856 3.0800 0.1445 2.9355
857 3.1023 0.1591 2.9431
858 3.0354 0.1425 2.8929
859 3.0099 0.1373 2.8726
860 3.1716 0.1576 3.0140
861 3.0487 0.1480 2.9007
862 3.1221 0.1940 2.9280
863 3.1172 0.1463 2.9709
864 3.1380 0.1533 2.9847
865 3.0759 0.1306 2.9453
866 3.1394 0.1452 2.9941
867 3.0198 0.1570 2.8628
868 3.0571 0.1266 2.9305
869 3.1235 0.1333 2.9903
870 3.0292 0.1450 2.8842
871 3.0845 0.1429 2.9416
872 3.0857 0.1497 2.9360
873 3.1260 0.1126 3.0133
874 3.1012 0.1485 2.9527
875 3.1105 0.1592 2.9513
876 3.0413 0.1782 2.8631
877 3.0953 0.1688 2.9265
878 3.0094 0.1251 2.8843
879 2.9933 0.1388 2.8545
880 3.0949 0.1542 2.9407
881 3.0537 0.1355 2.9182
882 3.1331 0.1604 2.9727
883 3.0253 0.1588 2.8664
884 3.0502 0.1271 2.9231
885 3.0234 0.1348 2.8886
886 3.1606 0.1989 2.9617
887 3.1345 0.1406 2.9938
888 3.1242 0.1888 2.9354
889 3.0877 0.1659 2.9218
890 3.1148 0.1760 2.9388
891 2.9965 0.1200 2.8764
892 2.9393 0.1169 2.8224
893 3.0699 0.1381 2.9319
894 2.9876 0.1282 2.8595
895 3.0723 0.1474 2.9249
896 3.1850 0.1796 3.0054
897 3.0482 0.1294 2.9188
898 3.0447 0.1232 2.9215
899 3.0828 0.1205 2.9624
900 3.0845 0.1396 2.9449
901 3.0621 0.1597 2.9025
902 3.0658 0.1889 2.8769
903 3.0258 0.1324 2.8934
904 2.9790 0.1217 2.8573
905 3.1038 0.1637 2.9402
906 2.9863 0.1818 2.8045
907 2.9731 0.1813 2.7918
908 3.1067 0.1647 2.9421
909 3.0519 0.1632 2.8886
910 2.9939 0.1269 2.8670
911 3.0291 0.1315 2.8976
912 2.9906 0.1370 2.8537
913 2.9718 0.1586 2.8132
914 3.0438 0.1200 2.9237
915 3.1478 0.1477 3.0001
916 2.9713 0.1486 2.8227
917 3.0225 0.1385 2.8839
918 3.0517 0.1168 2.9348
919 3.0368 0.1595 2.8773
920 3.1502 0.1549 2.9953
921 3.0525 0.1700 2.8824
922 3.0560 0.1529 2.9031
923 3.0572 0.1807 2.8764
924 3.1119 0.1491 2.9628
925 2.9876 0.1472 2.8404
926 3.1777 0.1538 3.0240
927 3.0731 0.1300 2.9431
928 3.1658 0.1847 2.9811
929 2.9641 0.1426 2.8215
930 3.0139 0.1309 2.8829
931 3.0784 0.1318 2.9466
932 3.0537 0.1324 2.9213
933 3.0430 0.1650 2.8780
934 3.0409 0.1403 2.9006
935 3.2122 0.1937 3.0185
936 2.9997 0.1362 2.8635
937 3.0638 0.1622 2.9016
938 3.0857 0.1378 2.9478
939 3.1606 0.1314 3.0292
940 2.9297 0.1387 2.7910
941 3.1100 0.1853 2.9247
942 3.0648 0.1248 2.9400
943 3.0713 0.1366 2.9347
944 3.0526 0.1303 2.9224
945 2.9547 0.1137 2.8410
946 2.9870 0.1294 2.8575
947 3.0232 0.1599 2.8633
948 3.0581 0.1411 2.9170
954 3.2153 0.1699 3.0454
955 3.0792 0.1391 2.9401
956 3.0984 0.1643 2.9342
957 3.1710 0.2536 2.9174
958 3.0296 0.1659 2.8637
959 2.9810 0.1472 2.8338
960 2.9552 0.1609 2.7943
961 3.0629 0.1743 2.8885
962 3.0428 0.1231 2.9197
963 3.0396 0.1713 2.8682
964 2.9588 0.1354 2.8234
965 2.9819 0.1595 2.8223
966 2.9207 0.1365 2.7841
967 2.9371 0.1356 2.8015
968 3.0097 0.1398 2.8700
969 2.8552 0.1392 2.7160
970 2.9572 0.1710 2.7862
971 2.9170 0.1566 2.7604
972 2.9828 0.2593 2.7234
973 2.9793 0.1998 2.7796
974 2.9583 0.1934 2.7649
975 2.9655 0.2008 2.7647
976 3.0317 0.2039 2.8278
977 3.0909 0.3012 2.7897
978 3.0235 0.2550 2.7685
979 3.1057 0.2214 2.8843
980 2.9338 0.2128 2.7210
981 3.0229 0.2328 2.7901
982 2.9647 0.1809 2.7837
983 3.0834 0.2481 2.8354
984 2.9831 0.2111 2.7719
985 3.0066 0.1914 2.8152
986 3.0382 0.2372 2.8010
987 2.9972 0.1756 2.8216
988 3.0476 0.2582 2.7894
989 2.9643 0.2310 2.7333
990 3.0103 0.2414 2.7689
991 3.0346 0.2153 2.8194
992 2.9340 0.1964 2.7377
993 2.9918 0.1726 2.8192
994 3.0258 0.1912 2.8347
995 3.0122 0.2454 2.7667
996 3.0984 0.2604 2.8380
997 3.1150 0.2710 2.8440
998 3.1102 0.2531 2.8571
999 2.9737 0.1888 2.7849
1000 3.0031 0.1832 2.8199
1001 2.9746 0.1935 2.7811
1002 2.9765 0.2343 2.7422
1003 2.7944 0.1690 2.6255
1004 2.9710 0.1801 2.7909
1005 2.9005 0.1606 2.7399
1006 2.9985 0.1632 2.8353
1007 2.9028 0.1911 2.7117
1008 2.8492 0.2131 2.6361
1009 2.9792 0.2042 2.7750
1010 2.9941 0.2185 2.7756
1011 2.9261 0.1833 2.7428
1012 3.0335 0.2262 2.8073
1013 2.9379 0.1826 2.7552
1014 2.9257 0.1754 2.7503
1015 2.9654 0.2254 2.7399
1016 2.9953 0.2516 2.7437
1017 2.9051 0.1893 2.7158
1018 3.0486 0.2182 2.8305
1019 2.8890 0.1999 2.6890
1020 2.9443 0.1996 2.7447
1021 2.9693 0.1626 2.8067
1022 3.0846 0.2178 2.8668
1023 3.0133 0.2281 2.7852
1024 3.0952 0.2114 2.8838
1025 3.1133 0.2538 2.8594
1026 3.0572 0.1845 2.8727
1027 3.1612 0.2267 2.9345
1028 3.0696 0.2282 2.8414
1029 3.0216 0.2510 2.7706
1030 3.0990 0.2076 2.8914
1031 2.9170 0.2095 2.7075
1032 2.9822 0.1856 2.7966
1033 3.1399 0.2348 2.9050
1034 3.0157 0.2179 2.7978
1035 3.0622 0.2152 2.8470
1036 3.0638 0.1902 2.8737
1037 3.0881 0.2198 2.8683
1038 3.0393 0.1961 2.8432
1039 3.0237 0.1999 2.8238
1040 3.1696 0.2787 2.8909
1041 3.0864 0.2289 2.8575
1042 3.0751 0.2039 2.8712
1043 3.1010 0.2068 2.8942
1044 3.0301 0.2144 2.8157
1045 3.0777 0.2352 2.8426
1046 3.0087 0.2445 2.7642
1047 3.0780 0.2187 2.8594
1048 3.0761 0.2573 2.8188
1049 3.1133 0.3246 2.7886
1050 2.9915 0.2340 2.7575
1051 3.0194 0.2514 2.7680
1052 3.0832 0.2146 2.8686
1053 2.9551 0.2398 2.7153
1054 2.9853 0.1987 2.7866
1055 3.0323 0.1938 2.8385
1056 3.0396 0.2267 2.8129
1057 2.9329 0.2115 2.7214
1058 3.0577 0.2233 2.8344
1059 2.9630 0.2140 2.7491
1060 2.9982 0.2106 2.7876
1061 3.0831 0.1875 2.8955
1062 2.9883 0.1952 2.7931
1063 2.9213 0.2137 2.7076
1064 2.9724 0.2000 2.7724
1065 3.0554 0.2416 2.8138
1066 3.0537 0.2219 2.8319
1067 3.0221 0.1996 2.8225
1068 2.9607 0.1977 2.7631
1069 3.0680 0.2324 2.8356
1070 3.0975 0.2139 2.8836
1071 3.0290 0.1961 2.8329
1072 3.0677 0.1919 2.8758
1073 3.2405 0.2167 3.0238
1074 2.9906 0.1977 2.7928
1075 3.0090 0.2131 2.7958
1076 3.1206 0.2350 2.8857
1077 2.9525 0.1843 2.7682
1078 2.9227 0.2056 2.7171
1079 2.9554 0.1964 2.7590
1080 2.9832 0.2793 2.7039
1081 3.0121 0.2106 2.8015
1082 3.0497 0.2430 2.8067
1083 3.0469 0.2084 2.8385
1084 2.9824 0.1972 2.7852
1085 3.0208 0.2560 2.7648
1086 3.0112 0.2150 2.7962
1087 3.0294 0.2326 2.7968
1088 3.0619 0.2340 2.8279
1089 3.1639 0.2917 2.8722
1090 3.1684 0.2461 2.9223
1091 3.0158 0.2458 2.7701
1092 2.9763 0.2346 2.7417
1093 3.0872 0.2370 2.8503
1094 3.0699 0.2226 2.8472
1095 2.9867 0.2175 2.7692
1096 3.0579 0.2467 2.8111
1097 3.0935 0.2363 2.8572
1098 3.0133 0.2428 2.7705
1099 2.9688 0.2108 2.7580
1100 3.0601 0.2386 2.8216
1101 2.9936 0.2416 2.7520
1102 3.1659 0.2134 2.9526
1103 3.0991 0.2460 2.8531
1104 3.0646 0.2478 2.8168
1105 3.0713 0.2265 2.8448
1106 3.0115 0.2128 2.7987
1107 3.1301 0.2355 2.8946
1108 2.9299 0.2034 2.7265
1109 3.0168 0.2177 2.7990
1110 2.9527 0.1945 2.7582
1111 2.9679 0.1586 2.8093
1112 2.9836 0.2282 2.7554
1113 3.0472 0.2229 2.8243
1114 2.9513 0.2361 2.7152
1115 3.0046 0.2358 2.7688
1116 3.0334 0.2315 2.8019
1117 3.0767 0.2371 2.8396
1118 3.0212 0.2180 2.8033
1119 2.8749 0.2024 2.6725
1120 3.0351 0.2174 2.8177
1121 3.0551 0.2333 2.8217
1122 2.9505 0.2355 2.7149
1123 3.0184 0.2631 2.7554
1124 3.0189 0.2313 2.7877
1125 3.0355 0.2113 2.8241
1126 3.0524 0.1969 2.8555
1127 3.0608 0.2245 2.8363
1128 3.1830 0.2387 2.9442
1129 2.8695 0.1838 2.6857
1130 3.0214 0.1938 2.8276
1131 3.0424 0.2495 2.7929
1132 3.2275 0.2331 2.9944
1133 3.1517 0.2148 2.9369
1134 3.0645 0.1998 2.8647
1135 3.0606 0.2424 2.8183
1136 3.0264 0.2328 2.7937
1137 2.9902 0.2046 2.7856
1138 3.0756 0.2061 2.8694
1139 3.0199 0.2235 2.7964
1140 3.0418 0.2362 2.8057
1141 2.9353 0.2340 2.7013
1142 3.0620 0.2452 2.8169
1143 2.9851 0.2543 2.7308
1144 3.1239 0.2897 2.8341
1145 3.1669 0.2228 2.9441
1146 3.0440 0.2136 2.8304
1147 3.1010 0.2419 2.8592
1148 3.0892 0.2245 2.8647
1149 3.0544 0.2426 2.8117
1150 3.0239 0.2144 2.8094
1151 3.0370 0.2404 2.7966
1152 3.1143 0.2204 2.8939
1153 2.9964 0.2206 2.7759
1154 2.9582 0.2214 2.7368
1155 3.0383 0.2394 2.7989
1156 3.0566 0.2573 2.7994
1157 3.0349 0.2150 2.8199
1158 3.1068 0.2331 2.8737
1159 3.1349 0.2506 2.8843
1160 2.9174 0.2209 2.6965
1161 2.9573 0.1966 2.7607
1162 2.9468 0.2048 2.7420
1163 3.0004 0.2371 2.7633
1164 2.9458 0.2222 2.7235
1165 3.0458 0.2106 2.8352
1166 3.0866 0.2289 2.8577
1167 3.0353 0.1862 2.8491
1168 3.0979 0.2407 2.8572
1169 3.0366 0.2438 2.7927
1170 3.1058 0.2591 2.8468
1171 2.9946 0.2634 2.7312
1172 3.0707 0.2183 2.8524
1173 3.0611 0.2451 2.8160
1174 2.9526 0.2503 2.7023
1175 3.0454 0.2185 2.8269
1176 3.0817 0.2451 2.8366
1177 3.0919 0.2176 2.8742
1178 3.0573 0.2975 2.7598
1179 3.0537 0.2405 2.8132
1180 3.0020 0.2587 2.7433
1181 3.0709 0.2455 2.8254
1182 3.0226 0.2346 2.7881
1183 3.0555 0.2895 2.7661
1184 3.0494 0.2274 2.8220
1185 3.0948 0.2580 2.8368
1186 2.9615 0.2258 2.7357
1187 3.1213 0.3029 2.8185
1188 3.0805 0.2609 2.8196
1189 3.0039 0.2567 2.7472
1190 3.0655 0.2171 2.8483
1191 3.0786 0.2708 2.8077
1192 3.0083 0.2512 2.7572
1193 3.0735 0.2906 2.7830
1194 3.0531 0.2308 2.8223
1195 3.1277 0.2693 2.8584
1196 3.0306 0.2065 2.8241
1197 3.0624 0.2437 2.8187
1198 3.0652 0.2567 2.8085
1199 2.9790 0.2147 2.7644
1200 3.0430 0.2424 2.8006
1201 2.9946 0.2413 2.7533
1202 3.0251 0.2446 2.7805
1203 2.9966 0.2183 2.7783
1204 2.9777 0.3041 2.6736
1205 3.0391 0.2681 2.7710
1206 3.0760 0.2265 2.8495
1207 3.0706 0.2691 2.8015
1208 3.0891 0.2458 2.8434
1209 3.0272 0.2345 2.7927
1210 3.0750 0.2136 2.8615
1211 3.0317 0.2379 2.7938
1212 2.9747 0.2173 2.7574
1213 2.9226 0.2404 2.6822
1214 3.0127 0.2075 2.8052
1215 3.0712 0.2384 2.8329
1216 3.0125 0.2321 2.7805
1217 3.0492 0.2140 2.8352
1218 3.1132 0.2677 2.8455
1219 3.1599 0.2795 2.8804
1220 2.9386 0.2721 2.6666
1221 3.0174 0.2717 2.7456
1222 2.9449 0.2523 2.6926
1223 3.0458 0.2845 2.7613
1224 3.0850 0.2501 2.8348
1225 3.1782 0.2530 2.9253
1226 3.0819 0.2699 2.8120
1227 3.1018 0.2485 2.8534
1228 3.0747 0.2478 2.8270
1229 2.9155 0.1955 2.7200
1230 2.9863 0.2408 2.7454
1231 3.0474 0.2292 2.8182
1232 3.0310 0.2406 2.7904
1233 3.0164 0.2232 2.7932
1234 3.0308 0.2209 2.8099
1235 2.9999 0.2423 2.7576
1236 3.1270 0.2557 2.8712
1237 3.0380 0.2138 2.8241
1238 3.0623 0.2588 2.8035
1245 3.3600 0.4247 2.9353
1246 3.1124 0.3230 2.7894
1247 3.1212 0.3790 2.7422
1248 2.9615 0.2939 2.6677
1249 2.9363 0.2725 2.6639
1257 3.6163 0.6441 2.9722
1258 3.1979 0.3979 2.8000
1259 3.1303 0.3023 2.8281
1260 3.0204 0.2590 2.7615
1261 2.9623 0.2406 2.7217
1262 2.9078 0.1540 2.7537
1263 2.8615 0.1814 2.6801
1264 3.0063 0.3164 2.6899
1265 2.9950 0.2421 2.7529
1266 3.1059 0.3300 2.7759
1267 2.9557 0.3092 2.6465
1268 2.8858 0.2586 2.6272
1269 3.0940 0.2865 2.8074
1270 2.9549 0.2591 2.6958
1271 2.8935 0.2310 2.6625
1272 2.7958 0.1884 2.6074
1273 2.7686 0.1558 2.6128
1274 2.7901 0.1805 2.6096
1275 2.8999 0.1733 2.7266
1276 2.8639 0.1644 2.6995
1277 2.7601 0.1504 2.6098
1278 2.8281 0.1419 2.6863
1279 2.9327 0.3191 2.6135
1280 3.0132 0.2302 2.7830
1281 2.9653 0.1788 2.7865
1282 2.8505 0.1860 2.6645
1283 2.9141 0.2035 2.7106
1284 3.0054 0.2107 2.7947
1285 3.0109 0.2038 2.8071
1286 2.9295 0.1571 2.7724
1287 2.8904 0.1643 2.7260
1288 2.9604 0.1785 2.7820
1289 2.9393 0.1402 2.7992
1290 2.8612 0.1645 2.6967
1301 3.1403 0.0619 3.0785
1302 3.0420 0.0511 2.9909
1303 3.0453 0.0568 2.9885
1304 3.0224 0.0458 2.9765
1305 3.0131 0.0461 2.9670
1306 2.8942 0.0391 2.8551
1307 2.9643 0.0547 2.9096
1308 2.8858 0.0397 2.8460
1309 2.9773 0.0311 2.9463
1310 3.0410 0.0352 3.0059
1311 2.9483 0.0313 2.9170
1312 3.0056 0.0360 2.9695
1313 2.8636 0.0234 2.8402
1314 3.0119 0.0276 2.9843
1315 2.9565 0.0352 2.9213
1316 2.9382 0.0273 2.9109
1317 3.1373 0.1797 2.9576
1318 3.0815 0.1407 2.9408
1319 3.1072 0.1523 2.9549
1320 3.2112 0.1494 3.0618
1327 5.5893 1.7078 3.8814
1328 5.8309 1.8334 3.9975
1329 5.6429 1.7901 3.8527
1330 5.7563 1.8304 3.9259
1331 5.5347 1.7839 3.7508
1332 5.3952 1.7160 3.6792
1333 5.6301 1.8393 3.7909
1334 5.4806 1.8617 3.6190
1335 5.4196 1.7873 3.6323
1336 5.2179 1.7461 3.4718
1337 5.2049 1.7774 3.4275
1338 5.3956 1.8125 3.5831
1339 5.2728 1.8809 3.3920
1340 5.1431 1.7732 3.3699
1341 5.1801 1.8562 3.3240
1342 5.3588 1.9518 3.4070
1343 5.3196 1.9176 3.4020
1344 5.2650 1.8923 3.3727
1345 5.3437 1.9056 3.4381
1346 5.2468 1.8294 3.4174
1347 5.1424 1.8027 3.3397
1348 5.2312 1.7799 3.4513
1349 5.2248 1.7888 3.4360
1350 5.3515 1.7957 3.5558
1351 5.2498 1.7591 3.4908
1352 5.2298 1.7214 3.5085
1353 4.5639 1.0646 3.4994
1354 4.5211 1.0860 3.4351
1355 4.4106 1.0294 3.3812
1356 4.4135 1.0041 3.4094
1357 4.4666 1.0053 3.4613
1358 4.3285 1.0036 3.3249
1359 4.3676 0.9951 3.3725
1360 4.2963 0.9994 3.2969
1361 4.2850 0.9937 3.2913
1362 4.3311 0.9986 3.3325
1363 4.1540 0.9911 3.1629
1367 4.2100 1.0002 3.2099
1368 3.9126 1.0000 2.9127
1369 3.7830 1.0012 2.7818
1370 3.7731 1.0007 2.7724
1371 3.7964 1.0010 2.7953
1372 3.7130 1.0011 2.7119
1373 3.6854 1.0019 2.6835
1374 3.6121 0.9978 2.6143
1375 3.6172 1.0012 2.6160
1376 3.5438 1.0013 2.5425
1377 3.5344 1.0007 2.5337
1378 3.5076 1.0004 2.5071
1379 3.5069 1.0017 2.5053
1380 3.4941 1.0001 2.4940
1381 3.5399 0.9965 2.5434
1382 3.5452 1.0027 2.5426
1383 3.5603 1.0018 2.5585
1384 3.5678 1.0005 2.5672
1385 3.5076 1.0008 2.5068
1386 3.5508 1.0000 2.5508
1387 3.5649 0.9985 2.5664
1388 3.4829 0.9977 2.4852
1389 3.5387 1.0011 2.5375
1390 3.6550 1.0022 2.6529
1391 3.5459 1.0007 2.5452
1392 3.5386 1.0009 2.5377
1393 3.5345 0.9997 2.5348
1394 3.6316 0.9999 2.6317
1395 3.5545 1.0007 2.5537
1396 3.4429 1.0000 2.4429
1397 3.5658 0.9980 2.5678
1398 3.4456 1.0015 2.4441
1399 3.5358 0.9996 2.5362
1400 3.5094 1.0020 2.5075
1401 3.5226 0.9995 2.5231
1402 3.4977 1.0017 2.4960
1403 3.4970 1.0000 2.4970
1404 3.4432 1.0012 2.4420
1405 3.5064 1.0000 2.5064
1406 3.5264 1.0002 2.5262
1407 3.4872 0.9999 2.4873
1408 3.4520 1.0001 2.4519
1409 3.4547 0.9999 2.4547
1410 3.4604 0.9995 2.4608
1411 3.4351 0.9994 2.4357
1412 3.4721 1.0011 2.4710
1413 3.4457 0.9999 2.4458
1414 3.4604 1.0006 2.4598
1415 3.4085 0.9968 2.4117
1416 3.4686 1.0021 2.4665
1417 3.4552 0.9989 2.4563
1418 3.4681 1.0030 2.4652
1419 3.4485 1.0000 2.4484
1420 3.4983 1.0031 2.4952
1421 3.4603 0.9997 2.4606
1422 3.4917 0.9995 2.4923
1423 3.4774 1.0000 2.4774
1424 3.4150 1.0010 2.4139
1425 3.4453 1.0006 2.4447
1426 3.4708 1.0001 2.4707
1427 3.4557 0.9966 2.4591
1428 3.4422 1.0012 2.4411
1429 3.4013 1.0002 2.4011
1430 3.4451 1.0004 2.4447
1431 3.3810 1.0001 2.3808
1432 3.3885 1.0016 2.3869
1433 3.4207 1.0005 2.4202
1434 3.3526 0.9994 2.3533
1435 3.3797 1.0015 2.3782
1436 3.3845 0.9999 2.3846
1437 3.3634 1.0009 2.3625
1438 3.3501 1.0007 2.3494
1439 3.3612 0.9993 2.3618
1440 3.3932 0.9983 2.3950
1441 3.3586 1.0026 2.3560
1442 3.3337 1.0006 2.3332
1443 3.3890 1.0007 2.3883
1444 3.4396 0.9982 2.4414
1445 3.3755 1.0024 2.3732
1446 3.3773 0.9993 2.3781
1447 3.3521 1.0000 2.3521
1448 3.3680 0.9995 2.3685
1449 3.3993 1.0004 2.3990
1450 3.3283 1.0000 2.3283
1451 3.3228 0.9971 2.3256
1452 3.3090 1.0007 2.3083
1453 3.3160 0.9961 2.3199
1454 3.3142 1.0007 2.3135
1455 3.4068 1.0003 2.4065
1456 3.3080 1.0004 2.3076
1457 3.3782 1.0001 2.3781
1458 3.2929 1.0001 2.2928
1459 3.3255 0.9988 2.3266
1460 3.3401 1.0004 2.3397
1461 3.3609 0.9972 2.3637
1462 3.3877 1.0023 2.3854
1463 3.3346 0.9992 2.3354
1464 3.3705 1.0020 2.3685
1465 3.3392 1.0005 2.3388
1466 3.3023 1.0003 2.3019
1467 3.3429 1.0004 2.3425
1468 3.3697 1.0003 2.3694
1469 3.3762 0.9975 2.3787
1470 3.3011 1.0007 2.3004
1471 3.3927 1.0000 2.3927
1472 3.3476 0.9988 2.3488
1473 3.3128 1.0018 2.3110
1474 3.3321 0.9998 2.3323
1475 3.3690 0.9988 2.3702
1476 3.3746 1.0008 2.3738
1477 3.3303 0.9999 2.3305
1478 3.3062 1.0011 2.3052
1479 3.3435 1.0010 2.3425
1480 3.3712 0.9986 2.3725
1481 3.3316 1.0029 2.3287
1482 3.3495 0.9995 2.3500
1483 3.3253 0.9993 2.3261
1484 3.3514 1.0013 2.3501
1485 3.3762 1.0001 2.3761
1486 3.3217 0.9995 2.3221
1487 3.3369 1.0002 2.3367
1488 3.3294 1.0000 2.3294
1489 3.3216 0.9997 2.3219
1490 3.2790 0.9995 2.2794
1491 3.3437 0.9997 2.3440
1492 3.3278 1.0001 2.3278
1493 3.3584 1.0011 2.3573
1494 3.3412 0.9981 2.3431
1495 3.3323 1.0026 2.3297
1496 3.3229 1.0003 2.3226
1497 3.3240 0.9939 2.3301
1498 3.3912 1.0089 2.3823
1499 3.3134 0.9996 2.3138
1500 3.3450 1.0035 2.3414
1501 3.3183 1.0009 2.3173
1502 3.3255 0.9997 2.3258
1503 3.3100 1.0005 2.3095
1504 3.3078 1.0006 2.3071
1505 3.3298 1.0000 2.3298
1506 3.3438 1.0006 2.3432
1507 3.3220 0.9997 2.3223
1508 3.3079 0.9995 2.3085
1509 3.3256 0.9992 2.3264
1510 3.3346 0.9996 2.3350
1511 3.3049 0.9992 2.3057
1512 3.3033 1.0004 2.3029
1513 3.3230 1.0006 2.3223
1514 3.3532 0.9990 2.3542
1515 3.3173 0.9991 2.3183
1516 3.2944 0.9980 2.2964
1517 3.3013 1.0015 2.2998
1518 3.3320 1.0013 2.3307
1519 3.3261 1.0000 2.3261
1520 3.2550 0.9987 2.2564
1521 3.2934 1.0011 2.2924
1522 3.2528 1.0005 2.2523
1523 3.2910 0.9997 2.2914
1524 3.2684 1.0020 2.2664
1525 3.2654 0.9966 2.2688
1526 3.2582 1.0010 2.2571
1527 3.2715 1.0006 2.2709
1528 3.2695 0.9999 2.2696
1529 3.2477 1.0002 2.2475
1530 3.2698 0.9987 2.2711
1531 3.2847 0.9977 2.2870
1532 3.2541 1.0027 2.2514
1533 3.3268 1.0002 2.3267
1534 3.2889 1.0000 2.2889
1535 3.2913 0.9996 2.2917
1536 3.2548 1.0003 2.2545
1537 3.2153 0.9994 2.2159
1538 3.3139 1.0001 2.3138
1539 3.2144 1.0000 2.2144
1540 3.2444 0.9999 2.2445
1541 3.3120 0.9995 2.3125
1542 3.2440 0.9998 2.2442
1543 3.2816 1.0004 2.2812
1544 3.2430 0.9985 2.2445
1545 3.2673 1.0012 2.2661
1546 3.2290 1.0009 2.2281
1547 3.2082 1.0010 2.2072
1548 3.2347 1.0000 2.2348
1549 3.2406 1.0000 2.2406
1550 3.2283 0.9980 2.2303
1551 3.2550 1.0018 2.2532
1552 3.2007 0.9995 2.2012
1553 3.2788 0.9994 2.2794
1554 3.2349 0.9999 2.2349
1555 3.2191 1.0006 2.2185
1556 3.2034 0.9955 2.2078
1557 3.2400 1.0026 2.2374
1558 3.2030 1.0010 2.2020
1559 3.2165 1.0004 2.2161
1560 3.2158 1.0005 2.2153
1561 3.2363 1.0002 2.2361
1562 3.2621 0.9993 2.2627
1563 3.2344 0.9964 2.2380
1564 3.2477 1.0007 2.2470
1565 3.2773 0.9998 2.2775
1566 3.2562 0.9980 2.2583
1567 3.2960 1.0009 2.2952
1568 3.3350 0.9997 2.3353
1569 3.3282 0.9997 2.3284
1570 3.2879 1.0016 2.2864
1571 3.2622 1.0005 2.2617
1572 3.4116 1.0002 2.4113
1573 3.2048 0.9999 2.2049
1574 3.2152 0.9994 2.2158
1575 3.1785 1.0005 2.1780
1576 3.2538 0.9995 2.2543
1577 3.2458 1.0008 2.2450
1578 3.3303 0.9998 2.3305
1579 3.1957 0.9988 2.1970
1580 3.1943 1.0004 2.1938
1581 3.2316 1.0000 2.2315
1582 3.2239 0.9999 2.2240
1583 3.2092 0.9973 2.2118
1584 3.2134 1.0017 2.2117
1585 3.2037 0.9995 2.2042
1586 3.2706 0.9999 2.2707
1587 3.2218 1.0004 2.2215
1588 3.2163 0.9997 2.2166
1589 3.1773 1.0006 2.1768
1590 3.2312 0.9999 2.2313
1591 3.1979 0.9989 2.1990
1592 3.1933 1.0013 2.1921
1593 3.1837 0.9991 2.1846
1594 3.2230 1.0001 2.2229
1595 3.2761 1.0001 2.2760
1599 3.0720 0.9956 2.0763
1600 3.0023 1.0008 2.0015
1601 2.9520 1.0004 1.9516
1602 2.9257 1.0011 1.9246
1603 2.8522 1.0002 1.8520
1604 2.8256 1.0010 1.8246
1605 2.7847 0.9989 1.7858
1606 2.7834 1.0001 1.7833
1607 2.7628 1.0006 1.7623
1608 2.7597 0.9995 1.7602
1609 2.7815 0.9985 1.7831
1610 2.7050 0.9995 1.7056
1611 2.7195 1.0000 1.7195
1612 2.7671 0.9985 1.7686
1613 2.6827 1.0020 1.6807
1614 2.7247 0.9993 1.7254
1615 2.7124 1.0008 1.7116
1616 2.7013 1.0009 1.7005
1617 2.6853 0.9979 1.6874
1618 2.6848 1.0057 1.6791
1619 2.6883 0.9987 1.6896
1620 2.6748 0.9996 1.6753
1621 2.6311 0.9982 1.6329
1622 2.6661 1.0010 1.6652
1623 2.6471 0.9978 1.6493
1624 2.6537 0.9974 1.6563
1625 2.6764 1.0004 1.6760
1626 2.6631 1.0000 1.6630
1627 2.6765 1.0000 1.6766
1628 2.6939 1.0001 1.6938
1629 2.6755 0.9984 1.6771
1630 2.6708 0.9983 1.6725
1631 2.6556 1.0011 1.6545
1632 2.6608 1.0002 1.6606
1633 2.6654 0.9996 1.6658
1634 2.7787 0.9993 1.7795
1635 2.7652 1.0000 1.7652
1636 2.7248 1.0013 1.7235
1637 2.7245 0.9997 1.7248
1638 2.8040 0.9991 1.8050
1639 2.8125 1.0004 1.8121
1640 2.7529 0.9997 1.7533
1641 2.7706 0.9975 1.7731
1642 2.7801 1.0009 1.7793
1643 2.7493 0.9986 1.7507
1644 2.7772 1.0000 1.7772
1645 2.7322 0.9978 1.7344
1646 2.7388 1.0009 1.7380
1647 2.7216 0.9998 1.7218
1648 2.7184 1.0009 1.7175
1649 2.6830 0.9998 1.6833
1650 2.7115 0.9972 1.7143
1651 2.7690 1.0000 1.7691
1652 2.6956 1.0002 1.6954
1653 2.7137 1.0009 1.7128
1654 2.7549 1.0006 1.7544
1655 2.6958 0.9962 1.6995
1656 2.6988 1.0002 1.6986
1657 2.7009 1.0026 1.6982
1658 2.7005 1.0014 1.6991
1659 2.6803 1.0024 1.6778
1660 2.7280 1.0000 1.7280
1661 2.7176 0.9994 1.7182
1662 2.6904 1.0010 1.6894
1663 2.6716 1.0002 1.6714
1664 2.6511 1.0008 1.6503
1665 2.6643 1.0001 1.6642
1666 2.6987 1.0010 1.6977
1667 2.6900 1.0000 1.6900
1668 2.6803 0.9992 1.6812
1669 2.6855 0.9976 1.6878
1670 2.6992 1.0010 1.6982
1671 2.6468 0.9999 1.6469
1672 2.6446 0.9992 1.6454
1673 2.6843 1.0017 1.6826
1674 2.6606 0.9998 1.6608
1675 2.6733 1.0012 1.6721
1676 2.6479 0.9992 1.6487
1677 2.6674 0.9973 1.6700
1678 2.6391 1.0001 1.6390
1679 2.6583 1.0001 1.6581
1680 2.6780 0.9995 1.6785
1681 2.6667 1.0001 1.6666
1682 2.6475 0.9997 1.6478
1683 2.6904 1.0001 1.6903
1684 2.6591 0.9968 1.6623
1685 2.6613 1.0004 1.6609
1686 2.6443 1.0004 1.6439
1687 2.6753 1.0002 1.6751
1688 2.6440 0.9999 1.6441
1689 2.6180 1.0007 1.6173
1690 2.6846 0.9979 1.6867
1691 2.7009 1.0004 1.7005
1692 2.6876 0.9997 1.6879
1693 2.6547 0.9943 1.6603
1694 2.6832 1.0051 1.6781
1695 2.6682 0.9956 1.6726
1696 2.6264 1.0074 1.6190
1697 2.6619 1.0006 1.6613
1698 2.6581 1.0015 1.6566
1699 2.6410 1.0033 1.6376
1700 2.6530 0.9998 1.6532
1701 2.6495 0.9991 1.6504
1702 2.6555 1.0000 1.6555
1703 2.6551 1.0000 1.6551
1704 2.7093 1.0001 1.7093
1705 2.7143 0.9999 1.7144
1706 2.6698 1.0002 1.6696
1707 2.6644 0.9998 1.6646
1708 2.6113 0.9998 1.6114
1709 2.6460 0.9978 1.6481
1710 2.6204 0.9987 1.6217
1711 2.6812 0.9994 1.6818
1712 2.6453 0.9974 1.6480
1713 2.6296 0.9995 1.6301
1714 2.6614 0.9990 1.6624
1715 2.6339 0.9994 1.6345
1716 2.6233 0.9927 1.6306
1717 2.6598 0.9949 1.6650
1718 2.6655 1.0032 1.6623
1719 2.6894 0.9985 1.6909
1720 2.6604 1.0066 1.6537
1721 2.6740 0.9996 1.6744
1722 2.7036 0.9981 1.7055
1723 2.6553 1.0028 1.6525
1724 2.6865 0.9951 1.6915
1725 2.6546 1.0009 1.6538
1726 2.6340 0.9989 1.6350
1727 2.6683 1.0031 1.6652
1728 2.6513 0.9998 1.6514
1729 2.6570 1.0019 1.6551
1730 2.6783 1.0002 1.6781
1731 2.6314 1.0006 1.6308
1732 2.6465 0.9994 1.6471
1733 2.5756 0.9996 1.5761
1734 2.6358 0.9997 1.6361
1735 2.6932 0.9988 1.6945
1736 2.7091 0.9992 1.7099
1737 2.6680 1.0003 1.6678
1738 2.6540 1.0018 1.6523
1739 2.6337 0.9964 1.6373
1740 2.6569 1.0030 1.6539
1741 2.6567 0.9951 1.6615
1742 2.6360 0.9951 1.6409
1743 2.5855 0.9972 1.5883
1744 2.7576 1.0003 1.7573
1745 2.6277 1.0009 1.6267
1746 2.6314 1.0007 1.6307
1747 2.6171 0.9940 1.6231
1748 2.6635 1.0052 1.6583
1749 2.6433 1.0012 1.6421
1750 2.6417 1.0013 1.6404
1751 2.6347 0.9991 1.6356
1752 2.6484 1.0004 1.6480
1753 2.6142 0.9969 1.6173
1754 2.6114 1.0012 1.6102
1755 2.6363 1.0005 1.6358
1756 2.6161 0.9974 1.6186
1757 2.5761 0.9996 1.5766
1758 2.6490 1.0001 1.6488
1759 2.6068 0.9998 1.6070
1760 2.6251 0.9990 1.6262
1761 2.5950 0.9998 1.5952
1762 2.6051 0.9907 1.6145
1763 2.6734 0.9998 1.6736
1764 2.5957 1.0013 1.5945
1765 2.6837 1.0007 1.6830
1766 2.6229 0.9981 1.6248
1767 2.6341 1.0012 1.6329
1768 2.6317 1.0001 1.6317
1769 2.5905 0.9990 1.5915
1770 2.6238 1.0020 1.6218
1771 2.6573 0.9997 1.6576
1772 2.6031 0.9956 1.6075
1773 2.6118 1.0012 1.6105
1774 2.6269 0.9981 1.6288
1775 2.5982 0.9998 1.5984
1776 2.6478 1.0003 1.6475
1777 2.5982 1.0004 1.5978
1778 2.6221 1.0001 1.6220
1779 2.6793 0.9995 1.6798
1780 2.6650 0.9988 1.6662
1781 2.6247 0.9986 1.6261
1782 2.6278 1.0009 1.6269
1783 2.6290 1.0000 1.6290
1784 2.5714 0.9994 1.5720
1785 2.6137 0.9998 1.6139
1786 2.5528 0.9990 1.5538
1787 2.5813 0.9989 1.5824
1788 2.6364 0.9998 1.6365
1789 2.5746 0.9957 1.5789
1790 2.6526 1.0004 1.6522
1791 2.5657 1.0002 1.5654
1792 2.6252 1.0011 1.6240
1793 2.5600 0.9993 1.5606
1794 2.6355 1.0022 1.6333
1795 2.5947 0.9999 1.5949
1796 2.6103 0.9991 1.6113
1797 2.5457 0.9967 1.5490
1798 2.6119 0.9991 1.6128
1799 2.6098 0.9993 1.6105
1800 2.5635 0.9991 1.5644
1801 2.5980 1.0027 1.5953
1802 2.5897 0.9992 1.5905
1803 2.6162 0.9994 1.6168
1804 2.5686 1.0001 1.5685
1805 2.5134 1.0005 1.5129
1806 2.6248 0.9982 1.6266
1807 2.5823 0.9925 1.5899
1808 2.5802 1.0041 1.5762
1809 2.6504 0.9996 1.6507
1810 2.5910 0.9994 1.5916
1811 2.5696 1.0015 1.5680
1812 2.5972 1.0001 1.5971
1813 2.5936 0.9999 1.5936
1814 2.5877 1.0000 1.5877
1815 2.6086 0.9995 1.6091
1816 2.5576 1.0001 1.5574
1817 2.6359 0.9999 1.6359
1818 2.5820 0.9933 1.5887
1819 2.5918 0.9998 1.5920
1820 2.6463 1.0027 1.6436
1821 2.6335 1.0024 1.6311
1822 2.6122 1.0042 1.6081
1823 2.5971 1.0001 1.5970
1824 2.6345 1.0003 1.6342
1825 2.5943 1.0002 1.5941
1826 2.6048 0.9988 1.6060
1827 2.6427 1.0000 1.6427
1828 2.6101 0.9961 1.6140
1829 2.6142 0.9960 1.6182
1830 2.5493 1.0001 1.5492
1831 2.5754 0.9995 1.5760
1832 2.6331 1.0000 1.6331
1833 2.5791 0.9997 1.5794
1834 2.5430 0.9994 1.5436
1835 2.5851 0.9984 1.5868
1836 2.6144 1.0009 1.6135
1837 2.6106 0.9997 1.6109
1838 2.6177 0.9998 1.6179
1839 2.5534 1.0001 1.5533
1840 2.5852 0.9999 1.5853
1841 2.5896 1.0000 1.5897
1842 2.6559 0.9985 1.6574
1843 2.5539 1.0003 1.5536
1844 2.5661 1.0000 1.5661
1845 2.6012 0.9993 1.6018
1846 2.6018 1.0023 1.5995
1847 2.5856 1.0002 1.5854
1848 2.5815 0.9992 1.5823
1849 2.6042 1.0017 1.6025
1850 2.6040 0.9996 1.6044
1851 2.6099 1.0000 1.6099
1852 2.6425 1.0001 1.6424
1853 2.5495 0.9969 1.5526
1854 2.5467 1.0012 1.5455
1855 2.5915 0.9956 1.5959
1856 2.6074 0.9953 1.6121
1857 2.5443 1.0013 1.5431
1858 2.6051 0.9967 1.6084
1859 2.5956 1.0013 1.5944
1860 2.5925 0.9991 1.5933
1861 2.5736 1.0010 1.5726
1862 2.5911 1.0005 1.5906
1863 2.5603 0.9968 1.5635
1864 2.5566 1.0028 1.5538
1865 2.5867 1.0008 1.5860
1866 2.6092 1.0016 1.6076
1867 2.4916 0.9990 1.4926
1868 2.6329 0.9946 1.6383
1869 2.5474 0.9998 1.5477
1870 2.5889 0.9961 1.5928
1871 2.6333 0.9991 1.6342
1872 2.6998 1.0002 1.6996
1873 2.6182 1.0011 1.6171
1874 2.5663 0.9982 1.5681
1875 2.5890 1.0007 1.5883
1876 2.6434 0.9999 1.6435
1877 2.6538 0.9985 1.6553
1878 2.6676 0.9987 1.6690
1879 2.5498 1.0011 1.5487
1880 2.6306 1.0007 1.6298
1881 2.5831 1.0000 1.5831
1882 2.5996 1.0000 1.5996
1883 2.5541 1.0000 1.5542
1884 2.5518 1.0001 1.5517
1885 2.6316 0.9996 1.6320
1886 2.5983 1.0002 1.5981
1887 2.5527 0.9999 1.5528
1888 2.5522 0.9990 1.5532
1889 2.5794 0.9992 1.5802
1890 2.6008 1.0009 1.5999
1891 2.5658 1.0006 1.5652
1892 2.6136 1.0010 1.6125
1893 2.5583 0.9988 1.5595
1894 2.5843 1.0000 1.5843
1895 2.6316 1.0009 1.6306
1896 2.6464 0.9995 1.6470
1897 2.6329 0.9987 1.6342
1898 2.6203 0.9995 1.6208
1899 2.5856 0.9972 1.5884
1900 2.5827 1.0005 1.5822
1901 2.5713 0.9980 1.5734
1902 2.5485 1.0001 1.5483
1903 2.6221 0.9991 1.6230
1904 2.5611 0.9990 1.5621
1905 2.5631 1.0000 1.5632
1906 2.6483 1.0000 1.6483
1907 2.5741 0.9990 1.5751
1908 2.5795 0.9980 1.5815
1909 2.6212 1.0012 1.6201
1910 2.5632 0.9994 1.5638
1911 2.6698 0.9960 1.6738
1912 2.5261 1.0019 1.5242
1913 2.5595 0.9997 1.5598
1914 2.6154 1.0001 1.6152
1915 2.5774 0.9994 1.5780
1916 2.5948 1.0022 1.5926
1917 2.6019 1.0018 1.6001
1918 2.6033 0.9995 1.6038
1919 2.6042 1.0001 1.6041
1920 2.5554 0.9959 1.5595
1921 2.5369 1.0007 1.5362
1922 2.5881 1.0017 1.5864
1923 2.6159 0.9999 1.6160
1924 2.5501 0.9985 1.5516
1925 2.5845 1.0008 1.5837
1926 2.5892 1.0000 1.5891
1927 2.5524 0.9984 1.5540
1928 2.5983 0.9993 1.5990
1929 2.5602 1.0011 1.5591
1930 2.5700 0.9993 1.5707
1931 2.5658 1.0029 1.5629
1932 2.5970 0.9989 1.5980
1933 2.5237 1.0027 1.5211
1934 2.5917 0.9998 1.5920
1935 2.5304 1.0001 1.5303
1936 2.5417 0.9942 1.5475
1937 2.5602 1.0031 1.5571
1938 2.5453 1.0009 1.5444
1939 2.5238 1.0001 1.5237
1940 2.5543 1.0009 1.5534
1941 2.5859 0.9976 1.5883
1942 2.5146 0.9983 1.5163
1943 2.5623 1.0012 1.5610
1944 2.5051 1.0000 1.5051
1945 2.5798 1.0004 1.5794
1946 2.5498 1.0008 1.5490
1947 2.4898 0.9934 1.4964
1948 2.5342 1.0056 1.5285
1949 2.5628 1.0013 1.5614
1950 2.5522 0.9997 1.5526
1951 2.5967 1.0001 1.5966
1952 2.5493 0.9997 1.5496
1953 2.5173 0.9974 1.5199
1954 2.5513 0.9948 1.5566
1955 2.5352 1.0014 1.5338
1956 2.4920 0.9963 1.4957
1957 2.5223 1.0085 1.5139
1958 2.5278 1.0003 1.5275
1959 2.5528 1.0011 1.5517
1960 2.5821 0.9957 1.5864
1961 2.5630 1.0020 1.5610
1962 2.5054 1.0000 1.5054
1963 2.5527 1.0005 1.5522
1964 2.5790 0.9980 1.5810
1965 2.5018 1.0014 1.5004
1966 2.5285 0.9998 1.5288
1967 2.4831 0.9985 1.4845
1968 2.4986 0.9997 1.4989
1969 2.5032 0.9958 1.5073
1970 2.5060 0.9996 1.5064
1971 2.4671 0.9994 1.4678
1972 2.4986 0.9993 1.4993
1973 2.5793 0.9993 1.5801
1974 2.4943 1.0002 1.4941
1975 2.5344 1.0000 1.5344
1976 2.5611 1.0002 1.5609
1977 2.4843 0.9983 1.4860
1978 2.5651 0.9989 1.5662
1979 2.5016 1.0021 1.4995
1980 2.5765 0.9993 1.5772
1981 2.5667 1.0006 1.5661
1982 2.4706 1.0012 1.4695
1983 2.5796 0.9999 1.5798
1984 2.5219 0.9992 1.5227
1985 2.5731 1.0014 1.5717
1986 2.5138 0.9998 1.5140
1987 2.5661 1.0010 1.5652
1988 2.5620 1.0001 1.5619
1989 2.5182 0.9982 1.5200
1990 2.5184 0.9991 1.5193
1991 2.4977 0.9983 1.4994
1992 2.5388 0.9998 1.5390
1993 2.4724 0.9976 1.4748
1994 2.5421 0.9999 1.5422
1995 2.5256 1.0006 1.5249
1996 2.5007 0.9998 1.5009
1997 2.5107 1.0004 1.5103
1998 2.4690 0.9989 1.4701
1999 2.5455 0.9995 1.5460
2000 2.4959 1.0002 1.4957
2001 2.5104 0.9953 1.5151
2002 2.4990 1.0020 1.4970
2003 2.4671 0.9935 1.4736
2004 2.5212 1.0021 1.5191
2005 2.5059 0.9991 1.5069
2006 2.4720 0.9997 1.4722
2007 2.5614 1.0003 1.5612
2008 2.5414 0.9997 1.5417
2009 2.5424 1.0002 1.5422
2010 2.4882 1.0000 1.4882
2011 2.5063 1.0004 1.5058
2012 2.4842 1.0002 1.4840
2013 2.5100 1.0000 1.5100
2014 2.5330 0.9995 1.5335
2015 2.4818 0.9932 1.4886
2016 2.5173 0.9978 1.5195
2017 2.5138 1.0004 1.5134
2018 2.5343 0.9996 1.5347
2019 2.5527 0.9999 1.5529
2020 2.5170 1.0027 1.5143
2021 2.5308 1.0000 1.5308
2022 2.4741 0.9937 1.4804
2023 2.5316 1.0069 1.5246
2024 2.5032 0.9998 1.5034
2025 2.4838 0.9989 1.4849
2026 2.5277 1.0010 1.5267
2027 2.4796 0.9989 1.4807
2028 2.5406 0.9996 1.5411
2029 2.4797 1.0008 1.4788
2030 2.4838 0.9988 1.4850
2031 2.4831 1.0005 1.4826
2032 2.4423 0.9983 1.4440
2033 2.4640 0.9933 1.4706
2034 2.4864 1.0036 1.4827
2035 2.5193 1.0006 1.5187
2036 2.4585 1.0025 1.4560
2037 2.4728 0.9998 1.4730
2038 2.4752 0.9996 1.4757
2039 2.4984 0.9994 1.4991
2040 2.4556 0.9956 1.4600
2041 2.4745 1.0009 1.4736
2042 2.4893 1.0017 1.4877
2043 2.4732 0.9992 1.4741
2044 2.4916 1.0010 1.4906
2045 2.4658 1.0000 1.4658
2046 2.5061 0.9999 1.5062
2047 2.4682 0.9984 1.4697
2048 2.4408 0.9973 1.4436
2049 2.5074 1.0017 1.5057
2050 2.4940 1.0000 1.4941
2051 2.4414 0.9967 1.4446
2052 2.4417 1.0006 1.4411
2053 2.4804 1.0009 1.4795
2054 2.4977 0.9999 1.4978
2055 2.4598 0.9994 1.4603
2056 2.4445 1.0002 1.4443
2057 2.4686 1.0012 1.4673
2058 2.4637 0.9991 1.4645
2059 2.4718 0.9992 1.4727
2060 2.4282 0.9996 1.4287
2061 2.4104 0.9986 1.4118
2062 2.4247 0.9949 1.4298
2063 2.4434 1.0018 1.4416
2064 2.4612 0.9990 1.4622
2065 2.5119 0.9991 1.5128
2066 2.4529 0.9989 1.4540
2067 2.4747 1.0001 1.4745
2068 2.5217 1.0000 1.5217
2069 2.4333 1.0001 1.4333
2070 2.4231 0.9980 1.4251
2071 2.4595 1.0004 1.4590
2072 2.4832 0.9997 1.4835
2073 2.4326 0.9992 1.4334
2074 2.4714 1.0021 1.4693
2075 2.4210 0.9986 1.4223
2076 2.4891 1.0011 1.4880
2077 2.4630 1.0009 1.4621
2078 2.4621 1.0000 1.4621
2079 2.5164 0.9996 1.5168
2080 2.4280 1.0004 1.4276
2081 2.4514 0.9969 1.4545
2082 2.4609 0.9946 1.4663
2083 2.4673 1.0030 1.4643
2084 2.4690 1.0000 1.4690
2085 2.4669 0.9977 1.4692
2086 2.4741 1.0057 1.4684
2087 2.4773 0.9995 1.4778
2088 2.4890 0.9974 1.4915
2089 2.5157 1.0027 1.5130
2090 2.4428 1.0007 1.4421
2091 2.4983 1.0012 1.4971
2092 2.5029 0.9999 1.5030
2093 2.4489 1.0000 1.4489
2094 2.5059 1.0007 1.5052
2095 2.4825 1.0001 1.4824
2096 2.4888 1.0000 1.4888
2097 2.4147 0.9998 1.4149
2098 2.4569 1.0000 1.4569
2099 2.4681 1.0000 1.4681
2100 2.4583 0.9989 1.4594
2101 2.4544 1.0000 1.4544
2102 2.5409 1.0004 1.5405
2103 2.4639 0.9993 1.4646
2104 2.4825 1.0005 1.4820
2105 2.4786 1.0006 1.4780
2106 2.5159 1.0011 1.5147
2107 2.5065 1.0003 1.5062
2108 2.4619 0.9990 1.4628
2109 2.4375 1.0015 1.4360
2110 2.4887 1.0001 1.4886
2111 2.4614 1.0000 1.4614
2112 2.4883 1.0000 1.4883
2113 2.4634 0.9994 1.4640
2114 2.4605 0.9979 1.4626
2115 2.4555 0.9967 1.4588
2116 2.4377 0.9988 1.4389
2117 2.4310 0.9982 1.4328
2118 2.4600 0.9949 1.4651
2119 2.4037 1.0003 1.4034
2120 2.4922 0.9985 1.4937
2121 2.4279 0.9978 1.4301
2122 2.4461 0.9988 1.4473
2123 2.4695 0.9976 1.4718
2124 2.4974 0.9931 1.5044
2125 2.4634 1.0029 1.4604
2126 2.4351 1.0001 1.4351
2127 2.4906 1.0005 1.4901
2128 2.4328 0.9991 1.4337
2129 2.4779 1.0015 1.4764
2130 2.4064 0.9973 1.4091
2131 2.5209 1.0007 1.5202
2132 2.4640 0.9998 1.4641
2133 2.4810 0.9998 1.4813
2134 2.4629 1.0001 1.4629
2135 2.4982 0.9980 1.5002
2136 2.4487 1.0007 1.4481
2137 2.5376 1.0001 1.5374
2138 2.4695 1.0002 1.4693
2139 2.4860 0.9963 1.4897
2140 2.5218 1.0027 1.5191
2141 2.5112 1.0001 1.5111
2142 2.4154 1.0004 1.4149
2143 2.4570 0.9996 1.4573
2144 2.5103 0.9943 1.5160
2145 2.4678 0.9997 1.4680
2146 2.4279 1.0003 1.4276
2147 2.4642 1.0013 1.4629
2148 2.4871 1.0070 1.4801
2149 2.5250 1.0003 1.5247
2150 2.5040 1.0036 1.5004
2151 2.4220 0.9993 1.4228
2152 2.4896 0.9999 1.4896
2153 2.4325 0.9988 1.4338
2154 2.4518 1.0011 1.4508
2155 2.5174 0.9993 1.5182
2156 2.4294 1.0000 1.4294
2157 2.4716 0.9983 1.4733
2158 2.4660 1.0010 1.4649
2159 2.4250 0.9999 1.4251
2160 2.3981 0.9995 1.3986
2161 2.4765 0.9997 1.4768
2162 2.4928 1.0003 1.4925
2163 2.4746 0.9991 1.4754
2164 2.4324 0.9994 1.4330
2165 2.4904 0.9996 1.4908
2166 2.4310 1.0002 1.4309
2167 2.4393 0.9999 1.4394
2168 2.4275 1.0000 1.4275
2169 2.4970 0.9999 1.4971
2170 2.4771 0.9981 1.4790
2171 2.4346 0.9992 1.4354
2172 2.4505 0.9970 1.4534
2173 2.4867 1.0002 1.4865
2174 2.4481 1.0001 1.4480
2175 2.4626 1.0007 1.4618
2176 2.4057 0.9976 1.4081
2177 2.5045 1.0018 1.5027
2178 2.4285 1.0005 1.4280
2179 2.4677 1.0007 1.4669
2180 2.4369 1.0006 1.4363
2181 2.4638 0.9941 1.4697
2182 2.3758 0.9981 1.3777
2183 2.4104 1.0002 1.4102
2184 2.4296 1.0002 1.4294
2185 2.3828 1.0031 1.3797
2186 2.4676 0.9993 1.4683
2187 2.4229 1.0016 1.4213
2188 2.4550 0.9998 1.4552
2189 2.4216 0.9998 1.4218
2190 2.4440 0.9999 1.4441
2191 2.4054 0.9980 1.4074
2192 2.4134 1.0007 1.4127
2193 2.3925 0.9952 1.3973
2194 2.4158 1.0013 1.4145
2195 2.4071 0.9999 1.4071
2196 2.4532 1.0003 1.4530
2197 2.4217 0.9998 1.4219
2198 2.3978 0.9971 1.4007
2199 2.4294 1.0016 1.4278
2200 2.4643 0.9948 1.4694
2201 2.4081 0.9965 1.4117
2202 2.4282 0.9995 1.4287
2203 2.3867 0.9992 1.3875
2204 2.5198 1.0008 1.5190
2205 2.4340 0.9976 1.4364
2206 2.5840 1.0026 1.5814
2207 2.4268 0.9964 1.4305
2208 2.4757 1.0002 1.4755
2209 2.4462 1.0009 1.4453
2210 2.5071 0.9999 1.5072
2211 2.4185 0.9984 1.4201
2212 2.4710 0.9993 1.4717
2213 2.4423 1.0021 1.4403
2214 2.5274 0.9997 1.5277
2215 2.3843 0.9989 1.3854
2216 2.4638 1.0007 1.4631
2217 2.4528 0.9993 1.4535
2218 2.4648 0.9998 1.4650
2219 2.4729 0.9992 1.4737
2220 2.4134 1.0005 1.4129
2221 2.4312 0.9999 1.4313
2222 2.5011 0.9957 1.5054
2223 2.4187 0.9967 1.4220
2224 2.4498 1.0017 1.4481
2225 2.4887 1.0024 1.4862
2226 2.4831 0.9990 1.4841
2227 2.4729 0.9986 1.4744
2228 2.4372 1.0022 1.4350
2229 2.4147 1.0002 1.4145
2230 2.4024 1.0000 1.4024
2231 2.4273 1.0003 1.4269
2232 2.4123 0.9993 1.4130
2233 2.4505 0.9996 1.4509
2234 2.4234 0.9986 1.4248
2235 2.4436 0.9991 1.4445
2236 2.4416 1.0001 1.4415
2237 2.4627 1.0004 1.4623
